-9507.06 -2766.09 -1471.59 0.489298 1
9281.26 4705.58 6692.29 0.402159 1
7916.66 5433.42 3545.43 1.02378 1
1350.88 -2222.77 -1433.96 1.15385 1
-3584.57 6317.67 -1434.05 0.526322 1
6579.52 7162.75 -6078.48 0.849813 1
1296.28 -4450.86 8372.46 1.33698 1
2942.98 2746.79 9455.88 1.44664 1
-8631.13 4334.29 5915.13 0.80469 1
795.699 2517.48 -1717.85 1.16127 0
9790.95 3585.46 -6852.4 1.04391 0
178.946 435.846 4209.67 0.954232 1
5283.71 -7042.65 7469.66 1.16142 1
-9430.16 -3791.33 -7482.9 0.571793 0
1237.66 5161.69 -2719.22 0.850961 1
8261.15 2557.37 9415.51 0.856861 1
-3729.67 -3494.46 -4940.97 0.205072 1
-1436.83 3980.65 3424.97 1.30922 1
-4137.08 -1951.33 6287.9 1.13531 1
-1774 1995.64 -9237.11 1.06934 1
-6785.71 -7155.43 -6017.64 0.526069 0
6346.51 -6944.46 -4707.44 0.565101 1
-3216.32 -9634.55 8345.46 0.209462 1
9524.39 8939.94 8906.85 0.897664 1
1124.12 -3580.36 -3554.33 0.984489 1
8519.36 206.41 1377.81 1.0592 1
544.265 -8799.85 -9076.62 1.40212 1
7510.05 9465.62 766.307 0.992789 1
-2379.7 7601.82 4377.65 1.40049 1
-3173.18 -7469.94 -4142.31 0.825606 0
-5262.25 -7089.04 8994.23 1.00387 1
6887.82 1744.3 -4697.41 1.10102 1
-5419.21 7289.51 -809.869 0.98101 1
9332.06 -1788.42 9191.38 1.28041 1
6854.88 2313.94 -8142.49 1.0563 1
3930.84 9952.81 -5576.44 0.963983 1
-2650.19 7458.74 -2480.68 1.43421 1
5622.49 6578.32 -9696.33 0.722144 1
-9434.14 -9753.23 3318.93 0.751606 1
5235.02 4861.21 422.989 0.416693 1
6048.93 -7259.25 -859.834 1.22818 1
-6768.75 5202.35 -2258.72 1.06932 1
-3646.15 -6470.05 2852.26 1.00441 1
-3855.64 826.984 -137.041 1.44336 1
-4633.26 4534.11 -6884.26 0.933316 1
3312.63 -5966.15 352.58 1.40217 1
497.897 -7111.96 -6385.45 1.42152 0
2623.41 -9415.34 -8043.35 0.96154 1
-1266.41 7662.84 4163.07 0.781938 1
-6916.98 -966.755 -6870.08 1.58676 1
-6451.42 6951.41 1543.97 0.825017 1
4633.26 -94.3154 -3998.66 1.30117 1
1825.64 2360.5 9723.66 0.688087 1
-4311.07 -2938.84 -4323.64 0.739316 1
7115.54 -1109.42 -7492.06 1.15348 1
2541.35 1945.95 -627.702 1.39961 1
-6375.5 -5333.9 -9578.13 0.400218 1
-2105.87 6187.67 -4597.1 0.634911 1
-9721.33 -6783.21 -5540.22 0.774729 1
-8089.06 -7764.8 -7686.18 1.42112 0
-2104.94 -4123.73 -8343.77 1.39207 1
-2989.75 -318.543 -1187.02 0.442234 1
-773.266 6892.3 -9613.41 1.44432 1
7158.57 -4527.14 9552.28 1.32955 1
-528.307 7083.71 -8292.93 0.775641 1
6940.48 67.708 -4536.52 1.14238 1
6681.09 -8082.99 -626.402 1.11598 1
-4140.9 -8942.92 6510.14 1.00383 1
1852.49 8565.51 2342.25 1.19069 1
2964.82 9952.76 7503.72 1.48187 1
9797.57 9436.02 -5581.06 1.04917 1
329.222 -1284.25 4833.25 1.28244 1
-2651.26 -6303.93 -8411.35 0.687305 1
-3992.65 -3355.58 -1454.39 1.11178 1
-2521.19 -2414.96 4149.09 1.13295 1
-2905.71 -2700.8 -3357.95 0.792315 1
7900.47 -6511.14 -5196.26 0.967145 1
2536.14 9893.48 9134.2 1.05167 1
-1230.26 9506.76 -4100.89 0.962675 1
9433.01 7950.64 9242.12 1.41067 1
-6833 4022.91 -8984.94 0.982537 1
-8155.05 6356.38 4521.67 0.893477 1
8577.52 -8469.77 -6455.75 0.968161 1
8147.64 -773.645 6115.94 0.893463 1
-5129.57 -2949.51 9068.13 1.28995 1
98.1758 6924.3 -3433.38 0.618073 1
9440.85 1498.87 -2011.37 1.15543 1
-796.594 -391.271 4763.71 1.2095 1
-9729.77 4385.27 9095.18 1.19167 1
4811.9 -6266.25 1800.1 1.1027 1
8491.48 5914.55 -155.38 1.16908 1
5845.48 -1257.35 -2789.4 0.812752 1
-5644.85 -9063.04 -6957.59 1.19056 1
4902.4 5071.91 -5074.27 0.890051 1
-8395.22 -1291.84 -7125.18 1.06351 1
6132.59 -8944.93 -2075.68 1.02593 1
9967.62 76.2363 8282.7 1.20469 1
1081.64 -405.907 -1570.86 1.46054 1
-4472.92 8958.97 -3675 1.04852 1
-5910.52 1384.09 -7672.76 1.02504 1
-9869.26 -7678.12 -1009.75 0.975138 1
-4212.52 -111.691 9394.91 0.495564 1
-1010.34 9019.62 -5057 1.00405 1
-4398.32 8246.54 7217.69 0.935766 1
-6109.79 -7937.38 -4451.68 0.710234 1
8428.04 -2859.89 4111.04 0.811907 1
2203.42 -1408.29 4929.58 1.31051 1
4873.68 1863.24 -2095.22 1.19427 1
-4902.74 -8826.35 -6238.65 0.561377 1
2425.24 3844.25 9079.61 0.583786 1
3514.17 -3770.34 -1975.19 1.19691 1
-6728.37 -9559.77 7462.43 0.71809 1
735.629 4435.15 6997.33 0.890938 1
-8872.25 -9945.89 2092.22 1.29392 1
-5327.62 -5432.21 1338.12 0.860999 1
9412.85 -3094.56 -2146.95 1.0529 1
-6845.96 -5034.04 3019.55 0.525061 1
-7141.02 5250.06 -3636.21 1.46458 0
-7869.92 6594.55 -8518.6 1.10187 1
-4713.19 6132.15 7083.24 1.24588 0
-5492.48 8001.2 1307.36 0.742602 1
-2767.14 -554.649 -5785.51 0.798242 1
-7664.19 843.3 7957.09 1.36206 1
-66.0127 9869.32 4213.38 1.05784 0
-9128.73 -8688.1 9807.88 1.06167 1
-6576.51 -4804.66 8524.63 1.43717 0
8036.81 -2979.3 -1629.75 1.35101 1
-5958.34 -3035.63 -6521.87 0.675823 1
6651.75 4847.41 -6147.77 1.05209 1
7759.31 -1143.61 -5296.22 0.553263 1
-1970.27 -7605.94 921.595 0.758387 1
-5402.01 4022.12 4255.21 0.875294 1
-9470.92 -4625.89 5268.43 1.1319 1
-8612.76 7888.52 4062.77 1.09525 1
5054.15 728.27 2804.17 1.23412 1
436.427 5916.95 -2363.27 0.823786 1
2765.67 6003.25 -5396.37 1.25026 1
4096.25 6995.95 -2101.79 0.956422 1
229.53 9926.25 1977.06 0.58263 1
4689.79 4620.75 -3648.66 0.855629 1
2180.45 -3345.92 -4228.44 1.1092 1
-6152.6 -8564.63 4320.9 1.26052 1
-6424.08 8586.76 1401.2 0.773007 1
4379.46 -9124.94 7046.49 1.22917 1
652.249 -616.959 -7513.21 1.26929 1
9158.18 9664.98 -6058.77 0.75787 1
-3970.06 9445.5 -9924.81 1.0514 1
5704.96 4739.33 4529.14 0.952807 1
-4408.76 -4349.97 8521.16 1.35929 1
-1350.08 4514.89 -6291.93 0.612822 1
1257.34 7218.22 6490.5 0.724745 0
2897.9 6780.64 3184.71 1.00833 1
2419.68 -7750.12 -9599.64 1.10543 1
4291.84 -426.342 -9623.75 1.32209 1
6552.16 -8629.49 -6695.24 1.66451 1
3880.42 6818.55 606.051 1.4459 1
-8128.82 -7677.85 -1296.78 0.641889 1
817.541 -8666.03 -157.944 1.09878 1
369.712 8549.37 -6823.13 1.13227 1
-190.672 -4172.88 3274.66 1.4302 1
3999.57 8570.63 6257.19 1.33363 1
2810.98 -244.471 6056.98 0.716031 1
-3461.23 -7594.36 -6878.52 0.811134 1
4937.33 -9941.42 -8518.93 0.601819 1
5768.38 751.708 -214.563 0.958143 1
8304.98 -7965.31 3680.32 1.03289 1
4681.19 6534.67 -2094.25 0.602319 1
9443.01 -9237.98 -2799.86 1.20641 1
-9653.37 1832.89 -6795.8 0.889736 1
6896.73 6807.63 194.232 1.21037 1
-7222.1 -3838.4 -9473.18 1.19687 1
2201.66 -6482.31 1111.13 1.2232 1
5956.47 -1371.38 -5181 0.970295 1
5090.68 -1513.78 -9632.86 1.05381 1
-8958.07 -790.139 -1618.07 0.863459 1
6097.23 -1666.41 4068.46 0.919533 1
-9595.93 3942.92 -1811.6 0.990028 1
2456.6 -1578.64 5832.9 0.665777 1
-9090.99 -6421.96 6328.65 0.939667 1
-8284.69 5758.38 -3915.8 0.886188 1
7887.6 9025.61 5233.25 1.19803 0
684.962 -4025.55 9459.88 1.34035 1
9201.2 2140.22 7689.08 0.929111 1
3493.05 -3542.27 -6674.22 1.1338 1
1593.43 2559.71 2646.12 1.02961 1
2340.18 -9676.91 4764.71 1.05104 1
-5149.27 -54.5762 7974.7 1.19421 1
-9968.69 5018.63 7011.88 0.856093 1
-5735.5 3485.52 7797.66 1.16873 1
7845.93 6603.88 8285.75 0.857468 1
-5095.73 2060.11 -5669.22 1.39543 1
-4489.28 -346.1 -9381.67 0.379821 1
-3236.67 -7658.56 8769.82 1.48654 1
1260.02 -6141.68 -2148.56 1.15663 1
-7097.07 -9423.3 2213.23 1.32752 1
-6889.02 -4320.16 -9970.12 0.95451 1
578.612 -2234.86 -3330.93 0.964546 0
-400.038 -4526.96 -7666.72 0.697855 1
-5733.45 3464.89 5875.86 1.16971 1
9601.52 -685.182 -8483.35 1.22634 1
-2577.11 972.175 -7383.21 1.07579 1
-9129.35 8619.06 1309.15 1.05668 1
9129.56 6566.65 -2201.45 1.2142 1
3210.09 2663.07 -6412.76 0.891664 1
7293.57 -5828.53 -5299.75 0.630174 1
7946.22 5506.07 3643.43 0.92612 1
-2109.36 -843.046 5101.17 1.03936 1
-2862.55 586.268 -7082.78 0.601138 1
7996.45 -7564.15 -9754.35 1.20402 1
5557.42 -2595.64 3962.54 1.47457 0
-5068.1 -8648.55 4773.01 1.49259 1
-3127.88 6924.96 2836.65 0.592822 1
9398.24 2404.48 -8754.21 0.901955 1
-4840.48 7683.14 -7956.45 0.859582 1
-7603.58 -6723.79 8005.38 1.39333 1
6088.96 -9768.43 5878.47 1.60012 1
6207.47 3072.52 8002.22 1.3585 1
4259.81 -9804.64 -7265.64 0.912707 1
-2159.6 -7038.72 -6497.86 1.03888 1
2406.26 -9239.95 3091.23 0.505267 1
6755.63 -2025.38 1713.88 1.03891 1
5108.15 -3836.09 1668.56 1.29013 1
5355.15 6111.42 -3419.67 1.45964 1
5246.54 -4829.73 5346.8 0.887925 1
5519.02 -7111.97 5098.97 1.08889 1
-3054.6 5080.98 -7649.48 0.790657 1
5231.82 783.401 -4557.91 0.692499 1
9119.08 7225.13 1586.55 0.423339 1
275.104 -953.309 -99.2334 1.01692 1
6834.05 4539.94 -1203.8 1.26196 1
-4870.47 7006.49 5338.67 1.36568 1
-7354.3 2404.18 8599.52 1.1131 1
-5512.02 -6118.2 -2112.56 1.25499 1
7874.28 9612.38 3610.88 0.81468 1
8393.74 -3278.9 8730.29 1.19135 1
-9378.35 -8870.89 4235.58 0.792678 1
2056.37 2825.37 7580.38 0.830745 1
-3829.7 5911.08 7871.96 1.1452 1
-3859.46 7755.44 -7462.27 0.929604 1
-9702.84 4173.02 7142.31 0.572685 1
4461.35 -306.908 3141.82 1.31572 1
7683.56 -9446.24 -3593.12 0.956809 1
7303.24 8563.51 8631.13 1.02117 0
-8941.81 -8467.29 -6187.16 0.693694 1
-7905.57 9600.33 -3146.56 1.33451 1
2676.77 -48.6172 3028.33 1.40519 1
-1368.18 -595.324 3477.65 0.612469 1
8511.51 7020.28 3968.43 0.897098 1
7771.3 6581.1 7091.75 0.774605 0
1733.83 -6296.63 5480.17 0.864592 1
-8349.33 -9173.67 9502.02 0.863727 1
4546.41 6031.48 4047.74 0.577285 1
5226.89 -7622.07 -5655.65 0.971738 1
-4087.79 -7702.69 -4734.14 0.809203 1
-1603 -9165.9 1534.65 0.709217 1
7361.53 -536.737 1680.39 0.713898 1
7898.56 3966.3 3465.01 0.784614 0
3137.56 -663.745 2322.14 1.15003 1
-2807.9 3724.97 5075.4 1.00409 0
-7559.93 -9388.71 -3670.55 1.31055 1
-6603.78 4605.24 -3163.35 0.699995 1
9874.17 -1793.38 -3862.02 0.953439 1
5091.31 5456.32 -8852.01 0.972623 1
-379.299 -2998.77 269.66 1.26436 1
9726.17 7167.22 6390.78 0.876131 1
-2163.45 5240.51 -690.474 0.826113 0
-1279.45 -7325.57 8040.32 0.781402 0
2814.48 7656.61 5854.03 1.4934 1
3847.1 -6996.43 -5862.82 0.969011 1
6775.38 -8433.98 -9183.87 0.813322 1
8392.11 1187.79 5838.06 1.07457 1
8112.03 -6037.6 8936.38 0.608221 0
-6878.74 -1250.02 -7975.18 1.05032 1
-5596.66 -6995.55 4763.32 0.708122 1
6184.41 7266.38 -269.499 0.816433 1
8141.34 3341.17 496.665 0.958134 1
1980.88 686.761 4201.5 1.4135 1
1985.24 -4820.69 -418.188 0.2627 1
1186.1 8894.86 924.451 1.26248 1
-7609.66 9052.6 5502.57 1.11721 1
2014.43 -4278.28 -1820.54 0.445751 0
9869.1 6106.28 -4945.38 1.02292 1
6932.31 -3572.71 -387.662 0.892811 1
-1086.82 7037.86 -5944.26 0.576271 1
-3924.46 -6768.33 1079.26 1.08072 1
-5816.36 -7663.47 -1208.69 1.3953 1
886.7 -3423.79 -9591.58 0.693346 1
-9691.06 6090.48 -5752.13 0.736694 1
-2607.55 5470.53 2014.14 0.818297 1
-5667.93 -9604.69 883.142 1.15778 1
2823.44 -3249.18 8197.63 1.28295 1
6966.82 7658.96 -8994.06 0.794077 1
-9890.69 1259.91 2796.87 0.896796 1
1699.81 6765.87 -5421.94 1.51304 1
-49.709 6212.12 3179.98 0.709732 1
2701.08 6879.7 -9976.93 1.58579 1
-207.664 7606.46 -9403.09 1.00324 1
-5273.45 7317.03 9229.38 1.07022 0
-998.528 2147.76 -1653.97 1.53147 1
-7568.96 -9276.46 -5269.35 1.49148 1
7268.78 -9277.55 -2375.3 1.23464 1
5517.39 6033.37 -599.72 1.24134 1
4804.12 8053.98 -9970.36 1.19471 1
5010.09 294.445 -8126.21 1.14785 1
5512.17 6689.34 9837.13 1.26808 1
-2418.13 -4525.35 1863.4 0.717526 1
-2445.31 -5492.72 -954.727 1.4912 0
-3679.92 -6321.46 5201.03 0.851204 1
-1018.59 4471.76 -8279.76 0.453548 1
-5339.59 1923.95 3738.46 1.21564 1
-7156.42 -6918.22 -6434.06 0.818458 0
-7336.64 5803.09 1099.07 1.01605 1
-240.56 -7555.5 6345.72 1.45436 1
-7102.78 6041.02 -1523.94 1.4508 1
-7539.96 -29.8896 9211.54 1.00092 1
9649.42 -9728.72 3132.07 1.00182 1
-6073.95 -9045.27 -4512.36 0.921776 1
3197.24 1053.3 -3443.13 0.900378 1
-6715.74 -9680.66 1734.55 0.564632 0
7278 6124.07 6602.35 0.987572 0
-5825.45 -9199.83 -2177.98 1.34437 1
-7022.6 9956.52 6153.36 0.670979 1
-6441.16 3307.72 7048.65 1.28695 1
2730.22 8952.53 -1351.14 0.980785 1
-8188.52 7943.11 -5158.59 0.984957 1
4676.19 -9553.27 -2327.35 1.08145 1
-9779.27 2539.78 -9457.87 1.55027 1
-1137.76 -8257.18 8184.14 1.08793 1
-3957.42 6048.61 -4879.37 0.636856 1
-5498.83 -9077.76 78.4766 1.14615 0
-985.042 -1435.48 -6830.35 1.03099 1
-9585.38 -4795.26 1197.84 0.776446 1
-4428.98 -2476.52 -1320.88 1.10308 1
-2753.36 5945.57 4577.22 0.768296 1
835.399 -1100.92 3475.88 0.666051 1
9326.34 -2056.75 4091.69 0.941813 1
-8335.28 -4646.68 -7532.68 0.491405 1
-2609.95 -9842.58 -1889.95 1.2529 1
1570.78 7775.82 -7678.45 1.25298 1
7408.29 9751.87 -3882.99 1.14292 1
3518.02 5075.67 -2901.44 0.770382 1
-4915.88 4054.52 -1125.97 0.743837 1
1718.42 -2114.23 7690.64 0.39744 1
912.718 -1218.19 -9661.67 1.07314 1
-9429.76 2850.95 -1275.85 1.04068 1
-5106.76 5467.34 2719.33 1.13027 1
-8385.62 -9442.44 -7530.1 0.649206 1
6412.66 7575.89 -6103.47 1.37603 1
-8602.2 -9140.24 7293.72 1.32153 1
-592.71 -1584.38 9282.46 1.25769 1
-6084.68 -3475.33 -3826.79 0.529026 1
3555.54 1280.15 -6877.2 1.00221 1
6752.72 -7752.05 2653.14 0.963087 1
3912.55 -2525.23 7518.72 1.44859 0
-4398.28 4769.12 4506.47 0.971312 1
-9946.5 -6051.88 -8757.05 1.54789 1
-9028.96 -7056.85 2527.38 1.27632 1
2448.38 8576.81 6115.18 0.576764 1
-5813.32 7847.54 -8500.75 0.834783 1
-6232.49 9571.05 3318.55 0.808549 1
-5092.3 1650.28 4441.02 0.968579 1
-5757.72 1016.38 -3902.36 1.44598 1
158.888 609.499 5014.19 0.582549 1
7474.48 2200.97 -5968.32 0.833045 1
-1657.62 -5892.06 -1455.02 1.00594 1
7247.37 -7337.62 8132.48 1.18051 1
-8018.65 8029.69 -255.039 0.728365 1
4696.79 6098.76 306.593 1.26943 1
-1159.79 3729.94 -5214.69 1.24799 1
1624.23 5352.78 7901.95 0.942169 1
2510.03 -6148.78 -7726.88 0.939396 1
-4426.4 8323.17 2866.2 0.566089 1
5817.61 -7329.56 5995.52 1.30967 1
174.775 -4824.2 -4106.82 1.23567 1
1772.42 6709.27 3939.27 0.819478 1
-1555.07 5039.37 1488.16 0.605437 1
-1030.93 -3695.38 -9924.78 1.19021 1
4881.29 2609.6 5677.11 0.694254 1
3324.77 657.104 8905.29 1.26139 1
-1215.24 -9427.53 -2104.56 1.1119 1
7290.99 4709.17 -8882.04 1.37928 1
-2616.32 -6322.79 9816.51 0.900236 1
9613.52 4988.87 -2999.03 0.673471 1
6751.7 -4630.86 1342.37 0.533628 1
-6992.13 1296.98 -7357.89 1.19501 1
-6607.3 7591.13 -8033.76 1.09779 1
3157.51 -3232.78 7544.24 0.429854 0
3239.54 1181.64 5183.09 0.801418 1
7583.17 6033.78 -759.653 0.989603 1
-1577.55 1181.38 8799.08 0.767247 1
-2184.97 3875.76 8684.12 0.457547 1
7199.47 6455.91 4153.23 1.33146 1
-3729.91 8513 4519.16 1.28302 1
-9917.52 -4966.51 9063.79 0.725371 4
-8257.06 -9802.99 -7248.02 1.24533 1
6150.32 8413.37 -2131.25 1.11104 1
-3420.49 -6806.42 7201.55 0.794183 1
7297.6 4808.65 -7867.54 0.93288 1
3440.14 5924.06 -3456.63 1.00627 0
5935.03 -4459.3 -970.231 1.46147 0
-337.75 -8654.54 7864.18 1.08384 1
3464.62 -1460.21 -9496.87 0.429231 1
2635.55 5145.88 -8323.71 0.988036 1
4589.27 -4122.27 -9582.62 1.14903 1
7368.18 5861.78 -1086.44 1.31195 1
3091.94 4673.7 520.331 0.780992 1
3450.42 8972.23 5761.99 1.38672 1
-3320.99 -3953.67 1152.46 0.620697 0
633.312 -9040.1 -6499.09 1.64873 1
3070.07 740.266 -3054.54 1.10549 1
9265.99 4916.2 -276.576 1.29561 0
-9026.13 2603.28 -4336.35 1.08344 1
-6723.23 -8536.2 4846.88 1.40067 1
-5427.07 270.843 1098.76 1.3175 1
-7662.03 3995.54 -8705.26 0.877425 1
8945.82 -8448.39 7719.37 1.00321 1
-8399.71 -247.404 7455.03 0.597871 1
-1807.81 -7745.38 9462.9 1.28752 1
-1593.45 7258.79 9783.61 1.13814 1
-1714.88 -9956.91 6252.61 0.704771 1
-4894.1 -2674.22 7573.12 1.32864 1
-8876.51 1306.71 750.32 1.09807 1
4542.87 7551.44 4677.27 1.47445 1
-6745.84 -6552.69 6994.03 1.41007 1
5625.83 -7226.84 -8774.63 1.13364 1
5249.33 -356.104 9214.29 1.15797 1
-1747.55 -1965.14 2184.22 1.09494 1
3861.32 -4625.67 5605.48 1.35887 1
-4096.67 -5422.59 -306.561 1.06476 1
2676.36 6197.47 -5896.27 0.56628 1
-4950.62 -1003.35 9122.57 1.59093 1
-9602.76 6621.7 -3040.31 1.50685 1
-8405.54 -8142.75 7747.3 0.64746 1
-8900.48 -5775 -4897.13 0.773172 1
-5430.69 9520.84 -7614.15 0.973249 1
-2986 -4344.65 6046.46 0.726135 1
-3495.04 548.823 -690.85 0.505442 1
-7383.9 9999.34 250.552 0.764014 1
-3112.15 -1102.95 4934.07 0.869959 1
-5547.63 -6008.72 1268.72 0.528005 1
-4378.59 -9851.2 4088.48 1.83206 1
-5084.86 -5724.25 -6703.04 1.22326 0
-262.188 -8996.84 9428.71 0.840109 1
-7148.23 5884.54 -7346.12 1.21674 1
2835.8 -5798.76 9425.47 0.920344 1
4444.95 -6054.44 -293.419 1.3815 1
351.107 7365.06 6979.93 1.342 1
-8644.86 453.627 -6989.38 1.44382 1
6809.14 8048.23 -9716.03 1.23207 1
-140.19 6388.04 -9062.53 0.536704 1
6632.5 1721.32 2375.92 0.900435 1
-1335.71 -1113.93 6513.09 1.14521 1
9070.38 -8201.73 -2679.19 0.910322 0
620.14 2478.64 -5600.34 0.852903 1
8260.63 -9122.81 -6871.32 0.473426 1
-2941.23 613.614 -3531.48 1.19566 1
-2083.46 1932.33 -4167.42 1.31094 4
-9325.7 -9848.51 -4215.12 0.922554 1
-2145 -3219.87 -5108.01 0.683755 1
-9460.52 -7175.14 2899.11 1.18145 1
7797.86 -54.5469 -5302.76 0.960014 1
-6299.91 -1038.25 2901.28 0.717893 1
-9246.41 8740.36 -184.743 0.734009 1
7831.01 1675.72 -9264.27 1.14433 1
-3829 9031.11 5387.19 0.867829 1
-1983.3 5668.48 4810.94 1.24415 1
7896.2 -5759.46 -5079.46 0.943704 1
-3310.31 1995.47 -52.6045 1.53619 1
-5825.73 3661.71 4955.07 1.45492 1
1398.48 3935.37 -9356.89 0.731721 1
9200.19 -79.6875 -6645.78 1.05544 1
-1383.77 -3969.64 -2307.47 0.893877 1
2290.61 -9480.46 8970.09 1.45047 1
4851.49 -7835.85 -3928.03 0.44136 1
-8867.1 -4566.23 8277.37 1.38093 1
-7519.14 7053.75 9018.8 1.16216 1
7061.42 6040.21 269.597 0.930484 0
5968.86 -5265.76 -9624.59 1.72111 1
8543.04 7500.2 1191.9 1.25667 0
-6706.61 5224.28 -976.802 0.859085 0
9339.18 4201.35 8102.19 1.1064 1
-4923.13 8405.11 -3972.05 1.08365 1
-3512.34 -8279.28 5703.58 0.754786 1
4638.26 561.473 2533.21 1.06403 1
5647.85 7368.69 -3903.48 0.728154 1
4831.39 -6879.98 -2839.48 0.634396 1
7391.5 7878.37 2296.3 1.05658 1
4620.02 -928.04 -3229.84 0.693044 1
2479.63 9804.05 4442.65 0.912038 1
8533.25 -5805.05 -413.741 0.906866 1
2839.54 -4793.14 5066.83 0.411418 1
5886.11 -6442.35 -8889.65 1.1507 1
-7247.21 9043.52 -1075.46 1.18986 1
-1745.5 3894.28 -6255.32 0.889791 0
9268.94 2386.51 -7480.75 1.23297 1
-7975.33 -2889 9013.22 0.910969 1
9253.58 -6430.52 -4685.3 0.398164 1
-5883.07 8370.62 -1368.24 1.0487 1
8644.87 -1409.97 -156.225 0.619148 1
6288.2 5870.98 -4018.79 1.30517 1
-2413.17 8286.57 2451.47 1.0631 1
2031.93 -9862.69 2977.33 1.3499 1
1078.38 -7533.46 1166.26 0.674061 1
-1689.73 -7603.57 8303 1.23111 1
9094.91 4393.3 2602.42 0.895087 1
4703 7218.21 -5155.93 0.718743 1
9377.97 7540.42 3044.17 1.26183 1
-5370.92 -9801.67 -626.006 0.986138 1
4019.65 3494.68 -5333.38 1.31791 1
-8255.16 9141.67 -25.6045 0.874307 1
-1507.95 -744.262 8415.64 1.12839 1
-6118.91 6273.72 5876.88 1.15321 1
-4466.41 -5473.29 -13.6357 0.993076 1
-6863.95 -7219.56 -5256.55 0.612675 1
-8742.81 -2896.57 8160.32 0.810522 1
-8419.94 -3399.1 -8354.62 1.16891 1
-9379.15 -6060.28 -8902.18 1.14855 1
7424.6 -8544.61 1994.1 0.634534 1
-423.896 8537.15 6021.33 0.376258 1
868.453 -4506.63 9488.5 0.769837 0
9473.71 8099.27 2953.49 0.577248 1
-8986.03 6811.41 -8849.14 1.01448 1
3035.05 6412.42 -2932.25 1.39559 1
-5219.67 7592.21 7556.91 1.5044 1
5102.58 798.906 -7769.32 0.879629 1
-6653.05 -4996.58 8372.98 0.844307 1
-7120.35 927.005 -1551.33 0.970237 1
8839.53 -541.496 -1842.94 0.844281 1
-2876.64 899.534 -6828.33 1.51529 1
-9109.24 2484.03 9928.99 1.23617 0
-9446.33 8559.62 116.538 1.14787 1
-8764.63 2099.18 5378.55 1.3344 0
-7325.49 3729.72 5034.06 0.875275 1
-5583.7 9405.42 -2163.19 0.394225 1
6631.78 -5960.29 -4373.64 0.895336 1
4497.97 -5511.31 9118.53 1.55778 1
4812.75 -7067.27 -7903.48 1.00326 1
-2050.65 7275.79 3890.39 1.27921 1
9038.48 -2665.77 -4356.09 -0.00568593 1
-2386.22 6072.67 -822.103 0.730543 1
-4468.91 7948.22 4733.13 0.538072 1
1158.36 9328.28 7212.76 0.995804 1
1513 -4785.42 4892.51 0.665923 0
-2629.36 -9879.62 -3902.72 1.03753 1
5523.47 3035.91 2485.09 1.32303 1
-4528.96 7767.61 -8161.9 0.337875 1
5695.39 -8225.9 -1510.83 0.790177 0
9871.03 -2252.32 -4629.5 1.1516 1
3191.75 7866.34 -4919.31 1.23744 1
-4654.21 2264.6 -4494.81 0.723053 1
-2691.83 9371.49 9992.85 0.927798 1
-9774.16 2301.88 -5896.89 1.73397 1
-9333.88 7803.78 -7238.83 0.731985 1
7986.99 3978.84 -7439.35 1.06463 1
550.017 -4333.72 7914.24 0.95159 1
-4787.04 -2695.99 -7250.54 0.942518 1
443.364 7337.87 7039.73 1.28004 1
6023.07 7260.66 -344.412 0.540349 1
-7097.35 -2692.55 -6233.02 1.13216 1
-1551.07 9889.72 2231.63 0.531867 1
9032.8 -4548.44 4823.58 0.481392 1
-5623.61 -7377.67 -8508.56 1.25491 1
-815.3 5276.46 3437.1 0.920845 1
-8610.71 6233.67 2450.04 0.964064 1
625.508 -1700 -8089.69 1.13812 1
-4819.83 -9665.51 3611.5 0.781225 1
4832.88 -6107.59 7614.49 1.01966 1
-2504.98 7729.12 6574.57 0.88441 1
-8079.71 -7422.34 -1397.6 1.50037 1
946.738 -4222.61 -1377.13 1.21127 1
-4998.85 9824.2 -2056.17 1.62076 1
-3865.26 8509.49 126.104 0.980096 1
856.005 -9279.31 2003.09 1.41179 1
-8029.76 -8514 -7455.46 0.959011 1
4619.55 -7141.15 1551.52 0.975153 1
-1508.72 -1821.51 5112.64 1.07837 1
8141.79 8871.21 -9540.16 0.936982 1
-3127.82 3553.1 -9782.06 0.87985 1
5433.19 9086.61 2137.82 0.803963 1
-8929.12 -8530.72 -6854.38 0.476968 1
7871.01 -6878.94 2097.24 0.751416 1
-9343.31 -551.946 -9196.68 1.23227 1
8308.6 -8579.81 2726.12 1.04452 1
1268.46 4943.27 -6658.38 1.21887 1
-293.744 3841.46 -1847.72 1.16475 1
-6747.09 -6549.4 -1219.83 1.08097 1
-4549.64 9429.07 8931.12 1.36397 1
2378.36 -9853.81 -5721.88 1.08977 1
527.531 7656.95 8086.49 0.823717 1
9969.82 8743.78 9161.16 0.985257 1
-9229.57 -9490.46 -986.723 0.970488 1
3033.34 -7601.82 694.824 0.753087 1
-9187.9 -6746.47 -8510.58 1.62669 0
-1408.76 8502.61 8485.11 1.35505 1
9501.55 98.0703 -9553.86 1.54818 1
-6853.94 1214.9 505.872 1.18593 0
1343.83 2776.8 2727.35 1.0099 1
-5308.71 -3147.17 8250.45 1.22698 1
822.539 -1000.87 1201.74 1.20483 0
8576.19 -9768.7 -1994.22 0.732529 1
3231.31 906.863 8414.66 1.28743 0
8191.41 5003.18 7014.68 1.11646 0
-7052.75 -9077.38 7113.65 1.01415 1
-3184.59 1641.96 -2095.12 0.903346 1
-6308.41 -3082.26 866.25 0.734599 1
8049.68 -1489.79 257.604 0.919468 1
9474.89 -4714.74 -8964.36 0.99604 1
7966 3829.27 -5790.43 0.747778 1
-3513.26 6146.25 1415.71 0.748358 1
-1691.56 447.36 -7714.22 0.994838 0
4564.27 7805.64 7671.36 0.882648 1
9859.33 1661.8 4131.32 1.311 1
4613.46 -6158.04 8410.17 1.30614 1
-2783.74 -6371.44 -5080.56 0.939305 1
1779.18 5013.29 -1110.05 1.01951 1
5813.02 8177.49 4622.04 0.89498 1
-375.037 9663.22 -952.66 0.718771 1
1584.23 6629.4 -3128.25 1.15735 1
1252.81 -4787.87 7091.74 1.17854 1
-355.382 -5646.42 1198.59 1.00274 1
-5861.74 -873.577 -3312.74 1.07694 1
3701.17 31.6152 -3110.45 1.29886 1
1849.12 3313.6 3956.1 0.553818 1
4801.26 3396.57 -9026.63 1.27965 1
7459.28 1312.83 -9506.87 1.05193 1
1446.77 1306.52 2557.84 0.703677 0
-5252.64 2426.14 7109.48 1.0464 1
-1514.64 3112.6 -8590.22 1.25252 1
9732.43 -1024.16 -4108.24 0.456073 1
-3877.75 9475.57 4433.26 0.973611 1
6198.54 3906.56 4558.57 0.865731 1
216.293 5027.6 1911.46 1.61478 0
1007.74 -7851.22 -4199.63 0.582341 1
6331.84 -3346.71 9749.33 0.907617 1
-2021.07 7611.21 -8768.16 1.18285 1
3388.46 -2430.6 -7776.3 1.23661 1
4493.69 5194.29 9563.05 1.25124 1
328.716 -9965.91 -4267.59 1.00152 1
1852.37 8668.17 3518.25 0.86536 1
1104.42 -9508.04 5961.42 0.70146 1
568.304 -5221.46 -6341.65 0.274455 1
-5329.42 -2927.3 -9930.57 1.2785 1
-3244.62 -4909.25 -3351.56 0.675067 1
4860.03 -7464.75 -3339.67 1.59125 0
8065.38 -4881.9 3962.38 0.721916 1
3932.01 -8023.93 -2978.17 0.838218 1
-2303.93 -5401.81 9147.87 0.566963 1
8941.84 707.663 9195.21 1.05141 0
6772.17 9493.71 -1729.03 1.69885 1
8960.36 -2008.97 7855.96 1.106 1
-151.379 -7647.84 -2260.26 1.35872 1
9999.4 1585.91 -4922.01 1.38594 1
-4520.08 -5067.22 7624.79 1.18683 1
-2455.01 7240.82 -9097.84 0.642946 1
-1079.24 7425.21 6820.02 0.618115 1
8207.29 7173.92 -8875.01 1.30586 1
-502.702 -5503.42 -1644.86 0.67357 1
123.961 -8067.41 7027.73 1.07573 1
4122.28 8484.68 -1144.78 1.46193 1
8156.25 699.354 -1510.63 1.22808 1
-1279.93 405.451 -7430.42 1.11476 1
-9448.71 -4738.61 9453.9 0.55699 1
-8376.8 -9916.63 -7151.82 1.13562 1
739.335 -4257.72 4562.89 1.1327 1
286.491 -5814.25 -5007.55 0.489161 1
-8607.43 9678.79 -838.927 1.51046 1
-56.9775 -4423.19 7262.02 0.921293 0
-3712.1 -1141.44 -2436.9 1.2446 1
-5115.26 8754.09 4622.51 0.497147 1
-765.055 -6780.57 -7615.37 1.4819 1
-641.726 5975 5487.83 1.14934 1
-8141.29 6245.82 -846.057 0.50973 1
-7517.57 2622.45 8396.84 1.02695 1
-2027.14 9398.12 4839.03 1.17178 0
847.401 -6022.41 1465.33 1.55459 1
-2315.58 9398.06 -8798.81 0.539441 1
1459.96 7603.5 7217.23 1.2134 0
-7043.37 -4931.67 8637.79 1.63052 1
-1545.18 -7230.85 1553.67 0.932634 1
-3136.27 -7786.42 -9885.24 0.603997 1
8992.88 3574.97 -5174.85 1.18779 1
-3238.97 -2987.7 -7810.22 0.511466 1
7648.06 8205.96 1331.37 1.65889 1
-6503.38 1137.09 -3965.35 1.20033 1
6342.52 4536.97 -4318.91 0.671967 1
8562.85 5773.03 -8558.85 0.650541 1
2242.47 9299.92 3153.84 1.41388 1
-6977.53 5413.74 -7150.16 0.931317 1
-9194.44 -3268.58 7008.01 1.12612 1
-606.472 -886.087 2672.29 1.1087 1
-2666.03 6535.72 5819.11 0.971093 1
-5794.19 784.311 2210.99 0.933444 1
1072.81 -2338.13 9243.26 1.72221 1
7902.43 3667.08 2160.75 0.694562 1
3261.17 -7676.62 -4191.51 0.822033 1
-4093.51 -9010.8 -9898.85 1.07938 1
184.879 1103.02 1764.45 1.12275 1
4176.22 -1117.68 6207.1 1.48575 0
9014.84 2637.54 5443.78 1.44408 1
-1595.36 7311.18 4044.04 1.01062 1
2114.66 2421.38 -6919.16 1.14964 1
47.793 -1550.97 2995.42 1.03555 1
-213.581 -5500.15 4297.97 1.37123 0
6564.04 -6217.01 6665.6 0.983355 0
-8933.17 -8934.53 5418.96 0.899 1
-7732.63 4978.28 -4361.76 0.812498 1
-3280.19 -1200.87 2954.49 1.03252 0
-1474.86 -1028.51 6920.61 0.584649 1
-1540.38 675.044 4970.59 0.870014 1
7403.12 -7231.89 -8779.91 0.940043 1
4084.82 -7180.7 5902.55 1.18562 1
1227.03 8356.34 -2451.41 0.958784 1
7931.65 -7761.74 -5673.58 1.27405 1
5292.46 2008.69 -7806.84 1.10198 1
7386.97 -4337.8 9408.55 1.27168 1
1878.38 8361.81 3727.84 0.505107 2
809.825 2838.36 9909.84 0.744934 1
-4674.12 3227.76 -7699.66 1.06696 1
-8689.16 8867.27 -8259.59 0.929217 1
2771.8 -2633.68 -2350.87 0.734059 1
6382.61 6436.59 6003.07 1.02523 1
-1822.37 -2596.92 -920.477 1.2031 1
-5780.42 4598.89 -7902.8 0.764502 1
-6785.18 8186.9 9537.53 1.51803 1
-8892.4 -7660.22 -5719.11 0.871656 1
488.223 2515.08 5296.88 0.603476 1
-2170.17 4593.68 -4177.84 0.623099 1
-8578.07 3806.03 4864.83 0.205904 1
-5875.43 -9736.77 5223.83 0.948915 0
-4201.55 -9816.88 -95.5088 1.05973 1
1624.47 -1581.28 -4380.84 0.666037 1
8089.67 7318.96 1351.1 1.44044 1
7400.19 5595.4 -3450.8 0.565126 1
7121.91 1511.37 -854.34 0.813198 1
-2044.29 -6696.71 6697.88 1.13313 0
8993.29 9025.36 -3721.54 1.07089 1
-8078.42 -9432.71 -5757.62 1.20845 1
3029.21 2782.41 9714.87 0.870156 1
9771.54 5762.43 -7547.32 0.946445 1
2925.03 4187.26 3700.24 0.694205 1
-1854.45 -2209.53 -8053.81 1.4756 1
-8300.29 511.992 6220.86 1.13845 1
7290.1 7687.55 -8711.16 0.492131 1
8816.47 -2739.06 -4666.04 1.05587 1
3493.27 7123.71 -9952.07 1.55567 1
-8695.32 -2307.16 -2019.79 1.22247 1
1076.33 -4873.06 2447.22 0.438223 1
-4125.83 -5876.57 -8745.88 1.39087 1
-3470.9 -4627.79 -6625.24 1.59742 1
-4978.36 7280.45 -9667.45 0.583661 1
5457.41 -3230.04 5919.58 0.367478 0
7317.41 4861.93 7381.93 1.01021 1
5323.36 4959.63 -6898.47 1.01824 1
1147.01 5735.54 794.172 1.08603 1
1897.95 7721.16 1412.51 1.25482 1
-129.839 4710.97 3447 1.17254 1
5904.33 6917.97 7416.77 0.797528 1
-422.311 -6244.33 2845.31 0.970354 1
5914.77 5045.19 3911.71 0.768063 1
-6449.5 6445.29 4181.79 1.30502 1
-153.321 8587.57 6877.6 0.94739 1
-4933.62 -649.62 -7916.61 0.937284 1
8186.06 6945.55 -9232.18 0.642496 1
-2394.39 9644.68 9069.65 0.67697 1
3691.05 7481.14 -2855.71 1.01895 1
-332.312 6839.39 1891.07 1.02723 1
-3215.73 9586.18 -1108.92 1.33629 1
7562.59 -4319.09 -6431.3 1.15897 1
7747.57 -6704.15 -5706.59 1.18995 1
-6510.79 8135.8 -1525.58 1.14056 1
5414.73 -2086.46 -9392.73 1.2306 0
-8380.42 8250.15 9588.18 1.18751 0
-6496 6622.36 8407.43 1.11246 1
8942.57 4222.41 -7009.07 0.932812 1
-3917.49 -86.5957 -6631.07 1.18033 1
-7750.73 4178.21 842.576 1.10162 0
-9572.39 -8078.71 -3102.33 1.10991 1
-4354.78 -3590.7 1900.86 0.744147 1
-5684.74 -8521.93 519.286 0.777369 1
-9901.55 5067.94 -8004.1 1.27426 1
-9112.82 -7324.91 -9699.34 1.34022 1
4130.66 -4253.62 -2207.19 1.46965 1
-6243.8 780.854 -6673.62 1.16533 1
-7123.91 -233.18 -2920.8 0.371339 1
-3392.81 8224.68 -739.949 0.850298 1
-9073.44 6601.79 -8624.84 0.844424 1
-8028.64 -9902.24 7960.01 0.878739 1
-6344.48 -4776.97 7583.6 0.700973 1
-8759.32 409.857 2100.11 0.934984 2
-6206.56 4524.26 809.844 1.22802 0
3084.57 429.527 4925.66 1.35202 1
484.051 -9351.04 4244.36 0.698473 1
3833.77 -1651.27 5823.88 1.18616 1
-898.347 580.257 -581.77 1.43508 1
-3684.24 5776.03 2846.09 0.919975 1
-5336.64 7602.76 -447.238 1.22309 1
1794.38 8910.72 -3150.59 1.35289 0
-1251.9 -4298.35 595.364 0.703072 1
-7948.21 3239.98 -2144.26 1.42897 1
6535.06 -9764.86 3920.64 0.836887 1
3160.63 -853.592 -6569.46 1.1776 1
-4091.86 126.159 -1500.53 0.753727 1
-9530.89 -5080.47 -9740.58 1.10242 1
-5413.9 -9217.83 7093.27 1.14541 1
1447.38 -8667.94 -8678.89 0.97275 1
6281.33 -9647.9 -5998.19 1.1473 1
-7791.75 3950.47 -3797.08 1.09909 1
8531.08 9416.39 -6013.7 1.12517 1
7512.57 -4358.76 9539.11 1.07225 1
8818.96 -3441.81 -4573.61 1.37914 1
1109.8 -5844.97 4733.67 1.34083 1
-8037.32 -3880.8 8554.58 1.13904 1
1201.8 1286.85 703.404 0.946331 1
-4419.26 3384.18 1300.2 0.965622 1
-6173.36 -2351.27 8842.84 0.149656 1
-9502.52 -3210.24 1419.67 0.556499 1
1299.28 3838.03 -5691.83 0.339071 1
7322.04 9420.41 5148.01 1.1476 1
-2721.51 -2206.03 -7701.63 0.551309 1
-3361.24 2700.1 -69.4785 1.33615 1
-2632.78 7389.32 -9984.48 1.48332 1
1286.36 5798.42 -6949.26 0.98564 1
6559.18 7063.59 2242.44 0.712229 1
5999.88 4898.53 -8203.78 1.31995 1
4474.69 -2325.01 -5415.01 1.21396 1
-2071.83 -8017.44 -25.8291 1.20498 1
-8708.99 3963.37 -8802.86 0.849362 1
7014.09 2568.78 41.71 1.47673 1
9340.79 2038.9 -1685.43 1.2441 1
-4568.74 -3610.37 -9105.2 1.18226 1
9838.16 4503.46 -3834.02 1.45378 1
-860.643 3713.72 -3661.7 0.619713 1
-5128.35 -6261.92 -578.381 0.667992 0
1330.05 9123.93 -1546.77 0.820089 1
-1061.58 -5873.63 -2182.48 1.41121 0
-9682.97 -5240.77 3016.69 1.42515 1
2566.56 -2629.73 -9459.31 1.41474 1
4210.08 125.886 -2147.66 0.591069 1
4485.55 1648.66 -1097.93 1.18434 1
3063.55 2528.53 5298.25 0.746341 1
-1994.82 296.454 9597.48 1.22844 4
-6331.01 -6301.36 8047.9 0.92464 1
9455.3 -4554.65 7399.14 0.571004 1
4515.47 -2701.28 247.853 0.633006 1
-5146.97 -8737.26 -1374.3 0.923138 1
-6285.08 -2293.63 719.368 1.19069 1
7674.66 1113.95 6428.29 1.57275 0
-4785.29 1202.09 5275.18 0.530886 1
4258.38 6363.83 -4553.08 1.08485 1
-2554.09 598.794 -206.486 1.11352 1
-1101.01 6028.78 2636.92 0.755052 1
4817.43 -3386.05 9313.75 0.600773 1
1501.89 5031.76 9122.28 1.33141 1
4950.46 -9630.54 3230.98 0.924973 1
328.903 7053.03 -9209.11 1.11441 0
-1641.26 -7560.66 -4846.9 0.7217 1
7165.53 -1356.21 9294.34 0.926885 0
-7737.36 -7937.37 -3655.39 1.4639 1
-9520.36 6515.8 -2134.42 1.33661 1
-6122.58 -5836.41 -721.874 0.113847 1
-8472.34 4097.52 6837.58 1.59267 0
8290.89 -4171.66 -3758.9 0.657972 0
1944.9 1032.13 3207.39 1.10118 1
-7432.96 -7019.26 9993.83 1.42829 1
-1864.17 -3809.75 -1379.91 1.03568 1
9714.3 2681.07 -1808.21 1.12925 1
-8927.7 -2459.63 -7699.89 0.629455 0
-6528.08 -2460.36 6969.56 0.862554 1
6767.48 7039.43 8039.14 0.883016 1
-1735.72 9918.52 8273.9 1.72157 1
3964.01 -9577.74 7813.34 1.23941 1
7599.87 -165.033 -4852.07 1.20034 1
-1989.14 4200.37 3194.94 1.25098 1
1665.71 -6469.43 -4207.71 0.738214 1
6342 7912.15 -3790.18 1.17909 0
5681.89 -3361.51 -3023.13 0.848443 1
2724.91 -1948.26 -9329.27 1.10432 1
7531.85 -8200.08 -474.599 1.08935 0
9168.5 -8226.28 668.249 0.707506 1
2765.61 8015.18 -7499.4 0.887123 1
468.611 -7787.58 9005.85 1.05618 0
159.271 -2168.23 5086.89 0.987098 1
621.734 -7678.14 -413.612 1.01913 1
7908.18 -3474.64 1421.16 0.623851 1
-512.847 1584.62 2576.79 1.21405 1
-6093.49 -8656.09 -6188.47 1.49325 1
9523.37 -2256.77 -7514.26 1.48753 1
8436.54 -2559.31 5805.82 1.11789 1
-6533.56 -6667.52 2703.35 0.78854 1
-501.79 1788.59 -8515.58 0.756168 1
-5765.58 3518.65 -4473.94 1.38538 1
-3214.03 -9457.36 7444.42 0.831216 1
-9687.31 6457.46 -6224.31 0.766845 1
4280.61 5247.98 -6571.41 1.27414 1
-9499.43 4681.12 -3309.11 0.959782 1
-9169.84 7158.67 3147.61 0.981828 1
9649.88 8131.7 -3925.96 0.742216 1
-3374.26 1361.14 7736.39 0.879531 1
-7309.51 7950.14 6481.8 0.971298 1
-6334.46 -4224.51 -4836.49 1.1985 1
-7344.67 7160.79 -4342.06 1.29087 1
897.237 6105.29 -3317.97 1.03921 1
-5877.33 -635.115 -5011.71 0.654119 1
-1629.61 -4486.9 -3458.61 1.42339 1
4491.75 -928.075 6544.91 1.31152 1
429.207 7543.71 -3516.1 0.630533 1
-1192.55 8346.58 2143.15 0.953414 1
-1351.63 2868.52 7679.9 0.891436 1
3545.54 2700.3 5097.65 1.27943 1
-8299.98 7263.47 3454.96 1.13981 1
820.248 -3513.36 -9110.37 1.34401 1
1925.32 7358.77 5361.74 0.771895 0
-111.625 80.1885 3531.72 0.812582 1
-428.719 2989.83 8427.45 1.00837 0
-4980.96 -5409.7 1661.81 0.964492 1
1544.42 946.772 6952.06 1.27347 1
230.234 802.663 -111.823 1.13395 1
-5575.67 4096.68 5710.7 0.927286 1
-1769.82 1649.93 8266.54 0.988383 1
-4089.75 2754.08 -2534.29 0.903539 1
-5253.41 9130.51 1326.88 1.0931 1
-4832.22 -782.511 -3391.59 0.63011 1
9500.62 8400.73 614.116 0.873494 1
1890.55 -7693.65 730.109 1.30868 1
-481.051 -6009.32 -4957.9 1.13277 1
-2303.31 -7316.97 -9709.57 0.463933 1
1675.62 -2372.29 -2452.67 1.13501 1
-1126.33 -8112.73 6151.66 1.02768 1
6645.86 405.653 -3597.64 0.98372 1
-6375.04 6941.79 -5138.9 1.04544 0
8378.93 -246.597 3363.85 1.57306 1
1968.04 -8209.42 -9858.62 0.843613 1
6940.74 -4214.07 -2000.47 0.887007 1
-2554.72 -5614.09 -8155.93 1.34683 1
1886.72 7101.82 1160.6 1.2755 1
6241.66 -261.765 -3812.33 0.375933 1
-7791.55 -2782.5 7505.63 0.658332 0
-4939.67 -2555.31 8831.63 1.06796 1
958.775 4524.19 8378.13 1.10681 1
8488.96 -2913.62 6970.55 0.960566 1
-9624.13 2453.23 -6547.67 0.710651 1
-5754.62 6884.65 1161.77 1.0723 1
7624.11 -3767.52 -8467.79 0.993902 1
-9534.54 -1463.99 -2602.71 0.790457 1
-1262.86 -3513 9026.35 1.27727 1
5416.46 7750.95 2224.89 0.888237 1
4353.27 -2296.61 955.215 1.45445 1
2073.49 1281.76 3110.26 0.582599 1
-1464.56 5945.83 963.155 1.31984 1
-9346.5 1178.35 -4028.04 1.06287 1
-9231.19 -8105.93 5928.7 0.960366 1
4453.56 4808.89 -2638.66 0.778215 1
4654.04 -4826.73 2287.44 1.02444 0
3092.86 9437.84 2014.99 1.13411 1
5211.58 -4049.01 -3087.74 1.5098 1
-8427.81 8723.49 -7449.15 0.877605 1
-1569.57 7435.12 -4924.61 0.935053 0
6959.1 2110.06 9001.57 1.79462 1
-8014.3 -8009.32 -989.783 0.98447 1
-7239.06 7391.42 -2603.09 0.640345 1
1085.48 -5496.64 2259.68 1.14709 1
-906.425 -1380.19 -5923.94 0.746091 1
-6703.08 4050.08 -4995.87 0.860502 0
-1633.67 1974.1 -187.79 1.0884 1
-7217.02 6993.44 6631.9 1.58484 1
-4128.15 -3988.91 8968.7 1.4582 1
4770.51 -6722.31 3225.29 1.57872 1
-9018.97 -1624.46 -4219.64 0.800754 1
1933.12 -9339.8 6055.59 1.39519 1
4180.46 6454.83 9089.53 1.34306 1
2280.06 -4224.03 8682.91 0.706298 1
3305.58 -5694.49 -7639.84 0.881976 1
4973.7 359.718 -1906.99 0.860134 1
-1899.04 -2045.54 2317.92 1.01991 1
-5930.29 5921.65 -2627.04 1.62001 1
-5405.38 -636.686 -6274.98 0.44153 0
9625.32 8507.82 -5665.91 0.598806 1
2087.16 -9183.21 -2153.45 0.660326 1
1016.04 3182.46 -5706.23 0.39723 1
2753.17 -6666.66 9495.84 1.1627 1
-5452.89 -3706.88 9519.25 1.3425 1
-4897.98 -6432.36 109.495 0.832855 1
3231.37 1177.01 -3492.35 0.695545 0
9977.12 -4615.59 -9810.4 1.16643 4
5788.96 7799.73 -2805.82 0.811414 1
7845.88 8876.97 -650.474 0.85356 1
6283.36 -6733.03 2043.61 1.10287 0
-592.948 873.429 3912.22 1.46615 1
3913.78 2122.02 3716.37 0.862089 0
5118.62 -4829.57 -6199.41 1.58135 1
-335.214 6567.29 -9815.5 0.810626 1
-1177.04 6484.02 9043.37 1.34765 0
1787.69 4873.96 4910.94 0.578818 1
1972.21 -258.244 -8226.06 0.872286 1
-2908.4 287.968 -222.885 1.30517 0
-6422.5 6544.99 9834.62 0.983089 1
3875.22 -2735.88 4772.66 1.07564 1
-7059.62 -9014.9 -8183.63 1.08157 1
234.338 6866.17 9411.15 1.10131 1
3391.08 3565.91 9907.09 1.0015 0
