348.367 21.4653 24.8339 1.67338 1
166.392 -308.129 404.139 0.935147 1
-250.229 -136.761 -277.89 0.918108 1
-569.041 729.35 -103.246 0.760238 1
-126.191 325.941 -54.8486 0.905267 1
-128.999 -1375.75 429.016 0.584006 1
-166.522 396.904 -157.914 1.26462 0
368.643 -752.026 149.227 0.887251 1
-451.62 350.206 157.123 0.615733 1
36.4796 -287.055 298.721 1.29817 1
-611.197 779.781 5.40686 0.937397 1
-614.779 662.525 -144.254 0.756253 1
-925.219 -179.993 225.861 1.082 1
-228.955 98.4331 -153.098 0.667588 0
185.484 161.965 -211.69 1.72245 0
613.063 -112.024 -136.883 0.926484 1
-303.64 104.39 264.837 1.31177 1
-155.309 115.752 -274.06 0.971868 0
-62.412 -1066.01 183.787 1.87436 0
363.783 634.245 -108.772 1.02739 1
-548.721 -387.942 4.461 0.550269 1
386.747 -412.408 -188.13 1.0824 4
35.0432 707.329 -338.328 1.07012 1
205.531 -1062.61 -280.16 0.587499 1
32.3046 350.928 -170.719 0.695785 0
327.507 8.02337 474.288 1.23495 1
-805.686 -724.785 316.705 0.869343 1
-168.246 -603.604 79.4998 0.856284 1
-457.199 99.8368 191.44 1.06336 0
184.723 -818.039 1.90685 1.333 1
-819.325 -756.071 -196.263 0.973811 1
463.665 -353.339 -262.106 1.10242 1
-162.74 -73.5212 231.123 0.965747 4
429.079 -13.3565 -72.4046 0.656923 4
455.258 -1279.49 670.054 0.927556 1
-47.4771 101.122 -40.1992 1.0697 1
206.549 23.7374 313.553 0.462065 1
-625.864 -567.574 -146.765 1.11328 1
232.537 293.306 -264.888 1.01394 0
-397.903 139.636 -14.1072 1.24435 1
-296.55 -241.921 85.8304 0.87123 1
286.63 -119.356 45.8674 0.835606 1
-488.41 394.507 676.433 0.979752 1
-536.271 -456.468 353.895 0.835861 1
459.667 5.19161 130.946 1.19946 4
417.427 210.438 130.992 0.78261 1
339.03 -740.739 194.958 0.945096 0
-372.397 1304.43 165.037 0.990294 1
-169.385 -87.8504 226.741 1.07262 1
76.0653 -549.853 280.686 0.575947 1
302.723 -436.508 -518.07 1.27684 0
232.725 -1489.36 190.18 1.39772 1
380.455 -481.877 97.4572 0.972164 1
-592.147 458.421 157.456 0.349665 1
52.2911 415.286 474.838 0.737755 1
3.36989 345.142 -389.829 0.932613 1
-448.715 603.321 153.949 0.448755 1
797.032 -276.102 -442.02 0.930466 1
-6.21101 -338.099 358.304 0.598697 4
65.4837 -680.269 189.552 0.801314 1
-71.4295 -164.419 6.35548 1.13578 1
-197.75 695.364 -85.1858 0.919797 4
-893.591 -554.481 324.756 1.40966 1
-210.281 10.3795 -215.882 1.05605 1
593.028 -878.075 285.897 0.446139 0
260.47 -79.4627 -671.562 1.18404 0
-165.227 522.597 64.4332 0.661329 1
-290.573 -120.199 343.311 1.45138 1
-390.141 -1358.5 -33.2058 1.42 1
374.658 -37.0292 346.711 0.453017 1
882.545 312.659 257.3 1.00894 1
314.766 513.179 -250.859 1.39555 1
344.256 963.42 46.7044 1.12938 1
-156.888 -341.106 -55.3884 1.05261 2
-555.186 26.8539 -465.666 1.31232 1
-419.766 162.83 272.04 1.16991 1
-681.119 525.818 49.1372 0.454863 4
-138.212 -513.868 -189.379 1.12543 0
-398.157 -293.899 190.422 1.23192 0
52.3137 48.5646 363.333 1.12673 1
-1601.21 -196.57 15.3657 1.50466 1
393.584 -515.874 -320.733 0.607683 1
934.678 -395.475 -162.901 0.850915 1
473.65 97.2887 -25.7733 1.48487 1
373.346 -310.781 314.717 1.70429 1
171.44 479.983 79.7693 1.34838 1
-587.841 -567.842 504.061 1.26579 1
399.013 -208.044 5.64013 1.22851 1
259.262 -121.172 -709.456 1.20155 1
-186.298 61.5189 291.127 0.83359 1
700.646 -67.7386 257.454 1.31386 1
-10.0102 -58.5757 49.2851 1.29382 1
451.226 -336.066 259.45 0.879164 1
-145.961 -209.705 -145.453 1.28408 1
-249.746 319.205 -376.001 0.847281 1
658.641 237.312 -124.821 0.916138 1
-162.894 450.522 -0.993961 1.133 1
37.7903 191.052 -120.747 0.800121 0
233.475 -135.946 -533.623 1.00383 1
177.426 -1379.14 -446.97 0.863511 1
-515.207 518.398 259.83 1.31941 1
324.118 -1142.7 -482.574 0.888602 1
136.859 579.951 -179.062 0.609709 1
-261.992 -204.135 -270.07 1.31431 1
392.583 346.901 -232.857 0.369799 1
-78.0022 -1425.15 645.845 1.14949 1
178.975 -670.54 -73.574 1.19392 1
74.8088 223.843 -527.842 1.41404 1
219.906 -292.507 30.7714 0.683357 1
-140.126 -404.428 -130.582 0.674355 1
-293.524 613.683 -214.819 1.20141 1
148.83 -332.118 -206.142 1.2904 1
247.561 553.327 191.583 0.323375 1
-152.368 -15.1623 -637.89 0.741925 1
-177.978 748.005 77.6089 1.2587 1
-401.063 -436.647 817.82 0.929543 4
-269.122 -80.3654 -278.101 0.835396 1
979.366 -361.067 -359.987 1.12246 0
253.671 -371.524 -241.096 1.27406 1
212.612 379.227 136.103 0.656356 1
-333.105 -91.3246 -215.583 0.973565 1
-231.621 302.451 23.872 1.20605 3
-33.166 -296.389 -270.492 0.714793 1
195.379 -271.629 298.353 1.211 1
46.2959 1234.07 295.831 1.15345 1
-12.6864 -160.906 -250.185 0.902172 1
-1179.08 344.963 -184.672 1.37261 0
-306.897 -1140.65 -317.155 0.8969 1
378.357 175.486 -188.138 1.00738 1
447.272 -529.237 501.996 0.701582 1
577.676 -420.113 1.1178 0.712898 1
308.773 32.0145 -522.266 1.15265 1
233.485 -1271.59 -94.814 0.814004 1
-222.247 -311.465 406.812 1.17719 1
336.996 -198.199 100.305 0.715948 0
-389.393 374.694 251.229 0.763817 4
361.217 -729.304 74.0021 1.10491 1
-210.1 780.184 879.117 1.1335 1
-13.866 -464.679 -17.2163 1.27133 1
-146.191 477.652 -53.2297 1.26119 1
-269.21 38.2543 -182.703 1.03331 1
-761.865 -120.47 50.4483 1.67164 1
193.718 -380.112 261.828 0.677376 1
-162.347 -580.177 -401.125 1.3342 1
-2.62347 -155.576 126.885 1.04827 1
-156.561 -998.021 -49.7844 1.28592 4
-155.498 615.83 256.756 0.725309 1
779.775 158.93 -283.459 1.23828 1
160.769 9.48952 331.734 1.21429 1
-96.4795 -419.364 -214.764 1.3196 1
158.901 492.645 -240.077 1.22322 1
149.604 828.775 -163.468 1.21454 3
-409.248 455.486 437.008 0.447515 1
-715.706 393.649 419.38 1.24671 0
192.562 -71.2783 541.604 1.14045 1
-970.098 -356.292 -0.927982 0.628394 1
124.569 -99.7651 -320.034 1.21109 1
-10.8512 -812.64 -334.3 0.376033 1
-218.169 -788.257 -74.0444 0.503917 1
-483.499 -125.357 -129.178 0.612015 1
341.783 -721.13 -136.116 1.22316 1
593.27 -169.143 396.123 1.23249 4
-501.557 563.861 319.255 0.990383 1
156.132 -277.039 -232.241 0.485546 1
-265.12 391.37 19.1514 1.32251 1
156.248 -272.521 65.4214 1.1552 1
-310.962 -968.104 -86.1228 0.493484 0
-11.7361 -732.146 27.9364 0.659266 1
257.058 843.241 270.714 0.862389 4
-129.043 330.324 -68.7176 0.873456 1
-159.169 1417.4 11.3651 1.27108 1
100.459 -580.638 128.935 1.28907 1
-345.711 40.0282 -463.735 0.792256 0
58.318 674.506 139.272 0.685534 1
-331.303 -212.439 303.126 0.945881 1
143.945 583.262 -462.525 0.805222 1
-996.42 -374.324 79.2051 1.24913 1
-62.6114 407.722 -243.745 1.36019 0
52.2667 478.435 235.096 1.44727 1
-658 558.174 129.664 0.467261 1
-594.189 -137.935 159.099 0.447659 1
-443.064 78.1378 -164.365 0.539281 1
-2.06684 -874.735 -300.128 1.14555 1
-139.277 -305.778 195.178 0.882267 1
-239.886 290.122 -242.747 1.23105 1
93.4225 686.997 52.4451 1.39272 1
226.248 517.927 137.146 1.04453 1
-154.787 -1081.09 -478.661 1.08718 1
109.816 -301.122 26.884 0.973644 1
68.7209 -118.215 113.493 1.51376 1
-469.141 -636.972 -272.601 0.645669 2
734.8 263.377 -13.3414 1.07949 1
-220.375 -629.581 80.3936 0.614068 1
305.778 -30.1527 403.38 1.17365 1
511.74 214.285 135.721 0.971049 0
265.68 -584.925 114.92 0.449228 3
-213.08 143.432 -256.099 0.75666 1
577.33 -571.05 407.251 1.23152 0
-256.305 440.846 125.725 1.85224 0
667.034 -925.147 173.315 0.648046 3
-376.48 421.894 -183.885 1.11694 1
137.626 -476.423 217.58 1.07274 1
350.873 1146.2 -213.406 1.44185 0
-487.673 407.713 -77.1636 1.09375 1
-168.11 1116.26 -463.569 0.962726 1
-513.953 351.713 -76.11 0.783563 1
-172.276 -117.587 138.135 1.05426 1
-319.691 -515.852 23.9283 0.627313 1
190.065 -1193.22 278.084 0.797612 1
-239.177 757.567 -113.247 0.986137 1
-342.142 94.5246 125.106 0.80492 1
113.677 -489.936 -468.494 1.17229 1
-640.308 1215.41 -658.633 1.29262 1
97.2392 768.251 -23.8303 0.51584 1
558.751 -171.436 -748.898 0.955158 1
-161.093 -1369.7 -133.509 0.872886 1
-735.686 -891.335 -629.643 0.683475 1
-30.5247 64.9395 -92.8504 0.921925 1
98.339 -139.62 332.841 0.943604 1
-401.273 -111.077 -477.56 0.877591 1
-27.2233 780.958 -142.882 0.98945 1
328.824 228.667 17.6426 1.06709 1
599.431 641.198 350.533 0.475146 1
-444.859 -333.858 -433.415 1.04499 1
-240.458 284.142 -276.477 0.724495 1
-279.343 433.224 756.416 -0.0496224 1
-125.7 268.681 60.7471 0.934082 1
439.539 -551.383 49.6269 1.08027 1
-306.076 367.165 -614.738 0.993584 1
149.376 182.138 -345.92 1.61641 0
-201.819 96.9232 -57.4527 0.615438 1
281.09 -52.4449 -382.004 1.24312 1
-880.61 -22.1012 120.48 1.00428 1
314.455 355.574 483.717 0.932086 1
-167.78 146.447 362.649 0.974653 0
669.687 1094.03 -376.222 0.825724 1
-26.4163 -225.973 -199.469 0.897037 0
-857.263 559.195 -447.52 0.867277 4
333.522 -337.484 58.1356 1.25645 1
60.8472 -98.6452 -379.936 1.24877 4
5.67137 19.9362 -415.217 0.536967 0
-476.106 -282.819 -116.933 0.733806 1
120.479 360.987 410.153 1.66663 1
158.009 -119.196 -408.289 1.41719 1
487.644 -303.519 -87.8529 0.884853 1
938.639 322.871 133.167 0.299791 1
482.727 849.311 -92.4982 0.813325 0
143.51 872.303 152.862 1.15711 0
-540.975 94.8145 -40.1934 1.35777 1
107.605 259.622 580.667 0.835421 0
41.2994 -756.008 21.5385 0.474086 1
412.281 317.555 -52.9708 0.628845 1
756.841 593.201 -911.277 0.585579 1
371.357 771.097 398.778 1.17157 0
-273.671 -129.304 145.911 1.37421 0
124.893 326.907 445.752 0.34824 1
207.013 -401.189 -355.52 0.777308 1
-739.798 -512.08 -170.393 1.0085 1
351.725 -415.624 263.782 0.704352 1
178.084 414.035 222.887 0.556977 1
34.2693 26.7613 -81.367 0.885534 1
702.436 24.493 -378.667 1.34876 0
143.622 419.374 -41.4764 0.57033 1
-203.439 -521.212 468.858 0.554483 0
360.436 -28.0172 -226.186 0.744544 2
116.304 -389.026 320.105 1.22596 1
146.21 89.4708 150.857 1.0859 4
-262.085 -312.818 89.9213 0.690225 4
-318.522 -277.266 -797.264 0.935942 1
-621.037 66.0481 100.163 1.03335 1
28.0763 -115.095 199.344 1.24309 1
653.754 -594.831 -142.219 0.879776 1
792.214 -450.47 482.959 0.67054 1
-394.812 -503.224 11.2375 1.26112 1
-176.064 9.3713 -452.521 0.608451 1
-93.5271 -66.4229 -727.624 0.601479 1
121.691 -414.962 195.735 0.503241 1
-377.851 -8.53674 -86.2795 1.08171 1
-51.7882 344.296 475.474 0.910527 1
422.037 -1304.97 -149.527 1.0399 1
-289.15 -455.683 289.509 1.24951 1
203.805 232.536 70.2744 1.05493 1
-247.974 -564.289 -229.321 1.09103 1
-9.92262 911.3 6.90003 0.874086 4
-485.777 -446.903 -203.377 0.873878 1
-557.63 266.307 136.532 0.647646 4
-82.9014 269.026 225.158 1.34833 1
251.764 37.1462 -211.344 1.08688 1
-165.023 816.683 -165.619 0.605905 0
223.497 298.872 -318.677 0.952372 1
678.825 -215.166 -23.4758 1.56642 1
340.109 580.93 194.473 0.59814 1
-8.14469 657.345 451.344 1.19759 1
-199.245 663.006 77.5372 1.50678 4
92.1303 30.6382 -309.223 0.899783 1
-297.748 178.851 -24.8551 1.09606 1
-147.912 336.033 369.764 0.935758 1
496.988 251.949 -150.77 0.461277 1
32.1925 382.89 -0.724409 0.719832 0
180.096 7.92444 -144.472 1.18998 1
-248.563 -429.424 -73.1577 0.868543 1
-699.864 200.933 383.615 1.09859 0
-189.3 361.561 -634.105 1.08102 0
269.552 -50.7998 -227.464 1.3296 1
271.409 -82.8816 -315.359 0.423283 0
172.672 -105.83 512.766 1.0335 1
84.796 -343.404 330.446 0.856959 0
1231.24 808.894 -228.882 0.965837 1
-126.385 -89.637 -40.6796 0.839873 1
9.02718 212.577 -145.838 0.950295 1
473.096 -637.37 -835.057 1.18335 1
753.237 355.244 -487.352 0.796998 1
-255.138 -466.859 -206.313 0.775644 1
-307.327 23.2096 -418.977 1.10174 1
26.2195 -119.731 -582.223 1.21605 1
217.625 963.42 -233.125 1.13518 1
-527.09 589.69 -273.012 1.16507 1
-178.091 -443.752 193.809 1.21819 0
30.1545 98.5193 210.253 1.42952 0
107.873 -159.234 -26.0505 1.12585 1
1219.01 -30.6562 -15.2261 1.08112 1
-105.339 409.016 -104.31 1.23677 1
540.76 -725.757 -375.571 1.34832 1
-488.105 -62.2054 -194.553 0.961172 1
-360.343 -327.348 -342.135 0.704361 1
-115.136 882.112 33.138 1.1271 1
662.904 -143.672 327.443 1.25936 1
26.3528 1358.55 -28.8104 1.29959 1
-95.7735 1197.49 -127.676 1.11138 1
-165.836 93.24 476.876 0.977097 1
-229.25 -814.854 -353.22 1.11601 0
-3.8957 -704.181 695.171 0.775992 1
-223.692 206.988 54.871 0.751058 1
-213.633 -671.799 -152.562 1.11846 1
166.274 100.606 -140.925 0.776698 1
313.648 -14.7437 -43.191 0.939761 1
-672.318 -120.097 -349.698 0.627839 1
-49.4311 183.487 194.837 0.745446 1
458.789 -664.594 107.701 0.00461966 0
549.333 -217.789 105.304 1.08921 4
25.85 -206.78 36.6402 1.17607 1
-94.6516 278.759 246.594 0.414328 1
64.8517 545.813 -24.096 0.90575 1
-525.439 -228.523 44.3138 0.637614 1
-298.935 -2.55523 378.879 0.483581 1
189.829 556.271 334.913 0.63329 1
-61.8669 -932.736 -222.255 0.614059 4
502.84 756.328 139.078 1.42117 1
-660.585 659.394 -115.501 0.618304 2
608.19 -726.221 -101.735 1.33001 1
-458.374 -565.805 232.619 1.23173 0
308.912 596.424 -50.9328 0.789466 1
-69.9532 455.99 -144.481 1.18858 1
-204.275 566.813 532.762 1.19146 1
85.0298 -1216.37 249.033 0.907323 1
312.965 258.385 -105.276 1.31003 1
348.899 154.358 186.615 0.99398 1
-58.1836 -509.821 -90.7053 0.722249 1
-57.6713 234.789 228.529 1.16104 1
108.557 -432.772 181.326 0.873781 0
106.401 -175.057 -249.34 1.4088 4
-115.153 -175.066 -38.3235 0.636572 4
283.062 -86.7836 -252.988 0.844185 1
15.9477 316.165 491.357 1.3806 1
164.293 -301.201 51.5462 1.12055 1
-914.319 -340.783 116.945 1.31412 1
-498.963 -747.518 566.151 1.20544 1
37.5184 -1003.09 149.701 0.985973 1
-191.521 238.538 444.193 1.58952 0
314.865 240.796 122.277 0.928858 1
-324.902 197.37 -518.599 0.896894 1
-241.144 -510.102 -216.723 1.04823 0
-484.961 194.523 267.226 1.45016 1
584.112 424.912 136.72 0.715133 1
254.798 62.9637 -64.2436 0.92681 1
-84.6203 310.784 398.076 1.32501 1
127.378 243.483 53.6293 0.761369 1
-257.143 -774.362 -3.36179 1.04093 1
182.463 -503.412 506.292 0.651318 1
366.463 -23.4374 -54.3394 0.998826 0
474.757 -492.426 576.393 0.953021 1
-454.975 -1105.17 -100.684 0.272512 1
321.094 -494.431 404.732 0.987748 1
281.421 483.426 -110.599 0.964081 1
-108.66 -80.9875 302.856 0.716297 1
-730.82 319.187 250.369 1.09167 1
-187.097 317.303 -147.825 1.07666 1
484.054 554.069 -731.355 1.19863 0
-144.374 -716.495 -175.627 1.48718 1
160.157 668.749 -75.5701 0.852958 1
-904.197 -462.693 137.162 0.88637 1
-257.817 245.273 1.35773 1.1421 1
-670.588 -658.453 359.343 0.950304 1
582.973 -177.894 105.378 0.887389 1
-404.136 -319.474 282.178 1.36875 1
514.926 905.945 392.73 1.0833 0
630.504 -736.308 420.718 0.37181 0
412.182 -365.243 77.3324 0.992863 1
-31.2312 -242.792 -261.336 1.16415 1
-181.722 -582.667 -27.674 1.02377 0
265.034 766.244 498.465 1.17533 1
400.77 560.967 -199.233 1.36722 2
408.367 -850.962 76.6287 1.08535 1
-133.437 327.97 16.139 1.08234 1
595.95 -179.27 -226.767 1.16894 1
-121.188 -567.647 27.5121 0.846281 1
0.334109 -962.003 -226.903 1.17839 1
104.728 -151.57 382.704 0.730153 1
-696.384 -90.2845 -337.642 0.799236 1
-630.999 -64.103 -641.842 1.29021 1
434.078 418.065 -201.64 1.24295 1
380.641 -110.579 -187.306 1.1714 1
-339.298 119.458 252.04 0.53141 1
254.687 -1224.57 333.777 1.32407 1
-528.015 -692.295 -56.4976 0.911121 1
-388.871 -443.95 -257.936 0.999563 1
-273.371 -608.675 -399.478 1.40221 1
-163.521 506.003 -474.478 1.36155 1
336.078 -230.157 52.4308 1.07227 1
-73.6014 -320.914 -352.34 1.24343 1
-87.3226 -509.678 37.6681 0.812438 1
198.468 -134.971 150.61 0.911858 1
-376.811 467.384 409.733 0.876575 1
408.8 243.797 59.8777 1.01428 1
230.549 -906.22 563.084 1.51516 1
-452.198 409.055 -465.283 0.922437 1
-731.488 -238.914 -130.975 1.25617 0
-386.588 79.7171 -120.144 0.540563 1
-274.22 -276.187 435.502 1.18238 1
150.759 -696.482 -466.794 1.43284 0
-64.8161 -278.26 -103.52 1.20953 1
541.102 -471.782 281.073 0.744537 1
287.252 -680.05 350.267 0.876103 0
-328.193 21.5178 119.623 1.08528 4
555.104 441.983 -637.885 0.595881 1
318.091 720.901 95.3756 0.886967 1
266.778 -438.283 -182.768 0.600967 0
-305.017 -329.541 612.755 1.46353 1
-79.7342 360.343 743.638 1.42997 1
-437.52 -696.726 0.767847 0.325467 1
758.226 888.163 413.98 1.07549 1
-371.025 230.626 469.081 0.401654 1
333.037 417.167 -109.416 0.392228 1
181.616 274.902 167.742 1.2906 1
36.5317 -312.043 324.4 0.627306 0
413.682 -510.696 -511.113 1.02588 1
616.495 -118.813 445.525 0.617018 0
-484.038 190.803 234.398 0.932245 3
-2.75825 -300.564 -450.175 1.33989 1
11.2611 579.277 538.633 1.2339 1
75.6514 -20.5594 218.184 0.935568 1
-534.663 26.3001 -35.9292 1.03573 1
232.871 246.225 -60.7477 1.01885 1
792.452 395.775 109.764 0.435563 1
-21.5314 -114.975 -228.009 1.09551 1
311.808 509.473 229.793 0.882501 1
-843.617 -125.403 150.538 0.832706 1
398.614 -154.812 351.156 1.64984 1
56.5897 192.764 0.985905 0.78173 0
-345.949 -324.5 161.11 0.923034 1
520.085 -33.1387 -194.822 1.05927 1
-458.91 -184.119 -43.2956 0.607078 1
-332.157 -296.877 -38.07 1.24784 1
822.837 801.544 -638.959 1.22831 1
-396.463 -494.121 160.567 0.98719 1
814.817 -45.5068 371.333 0.944513 1
140.193 -996.854 398.039 0.89315 4
-233.256 1090.9 339.799 1.05257 4
145.973 -438.16 -124.121 0.948601 0
412.421 -341.111 129.458 1.1199 1
486.526 474.376 -124.063 1.06863 1
-552.529 -721.356 94.4857 1.0818 1
-741.343 -225.426 -31.7784 1.03995 1
871.055 595.896 -423.604 1.01749 1
544.006 1123.01 -78.5786 1.45091 1
-240.614 -404.438 113.955 1.45706 1
-94.3443 270.002 318.768 0.521087 1
219.275 -614.977 -453.208 0.820452 1
380.811 283.089 -106.781 1.23526 1
326.997 1396.05 -230.314 1.0918 2
503.274 772.421 -33.8218 0.759785 1
-359.264 -563.606 753.275 1.19872 1
-303.644 709.773 -204.534 0.731385 0
-771.266 997.704 550.916 1.10919 0
-96.9344 -662.862 -586.893 1.07596 1
-714.681 523.167 382.25 1.30096 1
-283.689 1535.39 -565.313 0.978803 0
-177.168 521.82 -96.9396 1.25162 1
221.236 700.158 269.903 0.787573 1
341.386 -113.816 -289.704 0.978966 1
-74.6604 27.958 -24.9586 1.11042 1
655.172 499.403 121.491 1.0918 1
-23.1791 412.059 171.294 0.818947 0
534.091 -139.293 -251.998 1.14856 1
201.926 -520.805 -36.7537 0.732193 1
-334.754 -285.71 138.373 0.882931 1
51.8291 52.0673 642.376 1.28155 1
38.5165 96.3273 132.78 1.18658 1
113.642 15.2438 60.264 0.927801 0
499.629 -471.481 -229.869 1.34361 0
592.443 720.672 458.869 1.42788 1
-494.732 -66.0086 -197.275 0.56557 1
-449.202 1284.26 23.5061 1.16375 1
416.426 -523.3 -214.308 0.934068 0
523.858 -836.064 233.647 1.28265 1
176.006 -1246.79 404.916 0.42055 1
252.31 -53.3418 -165.011 0.945365 1
76.4069 -38.3731 178.216 1.20764 1
33.8939 421.082 -698.246 0.895818 1
-652.249 150.794 516.869 0.944148 1
430.107 574.199 -262.735 1.38258 1
-37.3161 445.404 -200.698 0.864141 1
274.98 -322.377 289.647 0.760289 1
-333.824 20.9173 446.817 0.741047 1
-150.868 -433.11 -234.158 0.757227 1
-806.995 612.829 -123.116 1.51283 1
507.588 31.2258 51.8591 1.54391 1
185.691 119.977 -430.389 0.411449 1
-41.5786 -452.097 -90.7365 0.939091 0
234.462 -668.979 -246.665 0.444857 1
-951.49 -1.35851 -149.875 1.28879 1
-818.727 -149.218 319.622 1.10787 1
634.883 -315.514 140.363 0.91538 1
128.604 77.3908 6.07799 0.410715 1
-845.568 709.464 -156.416 1.0332 1
-460.53 -429.977 -23.7721 1.37856 1
91.9818 -349.555 12.1917 1.57738 1
85.9645 -365.896 514.75 1.11264 1
26.1709 395.846 154.734 0.816775 1
36.0633 376.019 -87.442 1.08877 1
-871.075 -230.45 170.695 1.08592 1
-661.171 627.097 214.82 0.905543 1
-559.176 956.544 44.7306 1.51591 1
-357.904 -424.3 -228.174 1.06008 1
174.542 -610.353 158.755 1.05279 1
21.9411 135.486 -21.1839 0.786688 1
399.201 -70.8195 -377.737 1.45129 1
672.519 381.705 -79.2404 0.623946 0
-76.25 617.565 -255.815 1.09556 1
13.3651 -166.146 -140.145 1.11474 4
-581.445 164.34 255.171 1.4096 1
197.193 -115.738 680.652 1.44968 0
403.709 -375.666 -240.144 1.64405 0
-190.726 -396.866 394.23 0.868833 1
393.367 477.082 -55.3994 1.43722 1
529.219 -753.038 112.86 1.08296 0
332.372 -149.629 78.4403 0.905503 1
11.6244 966.216 394.815 1.29642 1
114.894 -815.144 69.2234 0.789835 1
676.495 479.35 65.2587 0.933351 1
34.6252 116.938 -370.181 0.479428 1
478.611 -105.092 625.456 0.869667 4
15.0131 123.777 -201.948 0.883406 1
-109.258 -414.531 -565.289 0.544717 0
-863.08 -197.859 141.705 1.12032 1
387.595 -99.6832 382.375 0.846274 1
559.181 845.61 25.2995 1.21797 1
143.195 -387.879 280.506 0.72089 1
-441.821 121.367 -299.699 0.803295 1
-232.624 -826.391 125.338 1.05211 1
406.555 325.733 70.2174 0.838067 1
785.977 828.325 7.41512 1.09141 1
-161.961 -285.856 282.009 0.551858 1
-65.1887 -856.554 -133.776 0.878798 1
-415.402 282.193 -582.132 0.844192 0
-184.121 46.0448 4.26992 0.691787 0
-440.215 -664.292 153.924 0.842761 0
96.0436 -95.7458 -47.0872 1.01589 1
-86.666 -12.0876 -65.4131 0.455952 1
131.081 -597.787 362.427 1.07658 1
-14.2004 777.67 -66.214 1.64786 1
452.718 -86.6687 -712.959 1.25613 1
-180.047 150.838 109.024 0.942139 1
-152.026 -254.693 -296.1 0.494945 1
123.848 -341.767 -364.379 0.365 1
-143.138 -230.582 155.425 1.2033 1
64.8845 -350.986 105.767 0.855586 0
347.126 85.5271 -134.157 0.498137 3
-313.665 -22.3733 -297.815 1.09588 1
111.286 -114.169 68.4878 0.63557 0
577.76 314.168 282.989 0.448859 0
6.51406 18.8072 -308.94 1.14346 1
477.349 1155.09 54.2516 0.801699 1
-112.826 -139.627 728.792 1.01769 1
-74.8851 -181.98 -530.586 0.529296 1
-72.2762 751.692 19.3861 1.2014 1
-320.81 -480.168 -664.097 0.858425 0
-319.335 -383.284 452.163 0.82233 1
-60.9793 492.522 258.132 1.26532 1
140.695 980.014 286.369 0.927365 1
375.706 -247.214 59.5375 1.04938 1
42.7106 -74.7001 9.12887 1.4394 1
-261.048 61.4162 -4.76853 1.02008 1
51.0175 251.936 -477.458 0.929472 1
506.629 201.476 463.402 1.03279 1
-525.6 114.604 -204.614 1.11734 1
-114.198 652.053 -135.062 0.606803 1
-236.678 43.8399 -176.308 0.885594 1
-8.2614 498.671 471.845 0.778434 1
156.374 -569.206 400.663 0.981721 1
19.4453 -1761.35 97.1498 0.838726 1
286.917 -1287.66 -40.8404 0.761452 1
640.396 -693.629 -252.76 1.11708 1
862.026 -102.597 161.359 1.32913 1
672.946 41.5366 193.961 0.681928 1
64.3301 -406.171 198.798 1.03703 1
839.207 -218.282 743.999 1.4679 1
-240.39 1283.69 -333.351 0.99176 1
245.762 -250.563 198.936 0.611955 1
-314.469 -152.405 132.143 1.21876 1
-149.957 -311.098 -271.198 1.61263 1
-555.723 466.124 -185.998 1.02298 1
-0.726274 -522.937 -197.62 0.843782 1
927.272 194.115 204.184 1.54446 1
439.275 -286.084 -166.192 1.07772 1
-399.67 -331.926 416.027 0.519298 1
-453.731 500.733 124.247 0.673319 1
-24.1794 436.102 203.649 1.39769 0
122.722 284.75 -62.5226 0.84471 1
445.251 -627.58 -111.765 0.686412 1
591.163 1104.06 59.0095 1.10102 1
-216.265 -150.435 421.187 1.29143 0
903.841 -1058.33 157.385 0.801946 1
442.328 -464.154 644.3 1.1429 1
16.7779 182.914 211.918 1.08787 1
-779.266 -34.6238 327.381 0.97473 1
-104.402 117.862 31.919 0.902228 1
272.662 42.7046 -163.692 0.836925 2
125.497 -528.492 -499.589 1.02649 2
325.918 -168.181 894.07 0.6441 1
98.0717 -426.443 -318.534 0.882639 1
114.539 103.501 524.553 0.444137 0
422.493 -154.169 374.884 1.52821 0
201.711 285.038 -613.879 0.784834 1
-4.7002 260.336 430.36 1.10177 1
-574.588 132.07 -812.35 1.31601 1
-226.199 -92.7801 -22.5754 0.532378 1
493.99 -384.948 -312.949 0.925289 4
361.661 422.984 110.217 0.654181 3
-448.996 -1068.21 368.734 0.959316 1
-90.177 57.328 -55.2686 1.10399 1
-489.237 370.917 -205.76 1.2905 1
-493.22 503.707 309.08 1.09106 1
154.187 -143.82 649.289 1.22652 1
-33.726 -282.019 -171.971 1.41829 1
317.437 182.23 454.271 1.24195 1
210.075 -623.894 248.36 1.20797 1
463.83 -540.396 -306.076 1.43242 1
-486.748 911.164 65.2537 1.60731 1
636.315 -117.908 166.583 0.517315 1
-283.385 1105.3 -535.095 0.884574 1
-386.629 25.2088 62.6518 0.984467 1
-717.209 -98.4931 219.291 0.605555 1
-66.1985 -428.716 56.3723 1.09858 1
-446.488 410.931 29.0043 1.12131 1
718.562 -710.574 760.939 0.937814 1
-255.25 96.7943 -167.358 0.968934 1
-374.55 -296.496 -298.252 0.939385 1
-122.331 181.386 1.81408 1.11482 1
-240.988 -475.638 391.603 1.3827 1
289.746 -1173.68 421.724 1.25868 1
-234.803 -856.125 -183.42 0.720697 1
253.14 160.188 -118.781 1.19491 0
-694.552 -767.396 402.848 0.822591 1
-1148.73 667.707 453.845 0.680947 1
256.439 226.593 -420.749 1.0866 2
-140.182 307.21 416.705 1.2878 1
291.532 -249.157 -67.7036 0.989738 0
-431.742 487.494 187.568 0.917923 0
-337.85 -116.195 -97.3085 1.00351 1
-258.019 728.145 307.093 1.28732 1
101.229 67.5234 195.484 0.844583 1
425.426 86.2736 -244.167 0.72882 1
-133.149 513.948 -517.47 0.919647 1
9.82428 -153.874 286.748 1.03328 1
-151.417 483.854 -151.493 0.97857 1
-0.670392 404.558 -231.138 0.733077 1
289.995 343.479 -386.609 0.93768 1
204.818 470.839 2.5222 0.432763 1
209.99 -277.152 36.5796 1.01335 1
97.2282 169.032 -179.501 1.46722 1
-372.007 -741.895 190.889 0.540749 1
-452.514 739.905 119.695 1.50938 1
-330.588 52.5824 -263.778 0.92712 1
-261.164 -282.676 -272.055 0.99472 1
-580.265 349.264 -337.875 0.807709 1
281.259 -197.663 -115.58 0.489367 1
433.515 219.735 -307.098 0.659231 1
726.784 -348.63 58.8825 0.757839 3
-51.1959 521.41 -5.41668 0.708902 1
-118.991 604.539 171.346 0.900399 1
538.261 -202.027 329.462 0.962169 1
-243.502 -83.2039 514.658 1.70433 1
-598.071 20.2164 -365.958 0.843257 1
-976.419 -7.6379 47.4307 0.900784 1
181.5 493.985 -147.884 0.1394 1
-450.862 348.498 512.471 0.797829 0
-340.664 318.895 101.731 1.12929 0
19.2242 231.306 -402.566 0.725933 1
183.53 -86.5982 7.15872 1.05354 4
-81.9041 -272.554 -259.281 1.32852 1
-17.0501 892.442 -446.415 0.662958 1
-957.015 704.486 -70.9585 0.355358 1
-474.724 -114.697 -240.707 1.08907 1
807.227 18.3903 330.619 1.19223 1
1278.79 456.891 8.87215 0.886131 1
245.65 -388.638 80.4454 1.1111 1
22.3782 -341.117 705.02 1.46375 1
608.776 719.736 110.343 1.31394 1
-121.593 254.236 -252.401 1.08448 1
-311.499 -317.945 157.421 0.897166 1
121.776 469.239 46.2898 1.13908 1
254.033 280.34 -0.226189 0.97308 0
-97.5171 -1053.44 -448.708 1.08138 1
-333.01 -329.459 94.9492 1.16945 0
-597.695 -27.2613 572.575 1.06223 0
-660.333 892.011 -326.656 1.46593 1
245.563 312.935 432.365 1.4633 1
-767.814 -701.134 297.746 1.18826 1
-486.226 612.849 320.454 0.864361 1
74.2314 55.3431 -186.99 1.49097 1
-901.758 -1132.34 -93.835 1.375 4
-507.472 -125.66 -228.041 0.93383 1
-152.987 -148.152 -28.0715 1.62317 1
-213.158 -138.69 89.0255 1.44704 0
74.7864 -81.6751 144.364 0.564663 1
540.265 265.98 60.0054 1.07168 1
314.766 392.794 -115.548 0.918831 1
-95.251 -216.682 359.295 0.871586 0
220.93 -388.225 424.533 0.521456 1
87.0045 454.429 65.8731 0.996069 1
63.8604 841.115 -579.445 0.962249 1
179.547 557.301 226.189 1.28761 1
366.891 -386.603 -81.7706 1.03839 1
-173.973 133.054 -318.045 1.26348 1
159.669 -637.675 -52.8913 1.35394 0
239.408 -1004.76 -699.825 1.43753 1
195.71 -32.8095 -540.393 0.811206 1
39.8369 90.4814 447.593 0.826975 0
210.68 -347.402 -106.257 0.426286 1
-246.581 620.991 -253.536 1.47476 1
-137.64 115.465 -70.2348 1.22692 4
92.6724 -497.33 372.27 0.908344 1
-514.814 358.881 106.922 1.4885 1
53.7324 554.411 256.31 1.28131 0
-277.64 236.231 -107.448 0.659206 1
304.138 -33.937 -552.619 1.35651 1
914.774 1134.75 -309.506 1.20558 1
-607.673 854.186 235.325 1.09856 0
-164.946 449.273 -234.919 0.96278 1
-145.922 381.931 183.704 1.07136 1
-188.005 259.176 -90.5389 0.943199 0
32.3041 -379.068 -138.799 0.785997 0
-467.255 -282.084 275.686 1.20312 1
-308.687 -443.837 143.996 0.713944 1
259.473 -469.58 228.869 0.832649 1
106.746 -263.642 -72.5557 1.07373 1
-563.614 186.895 127.685 1.05586 0
168.606 44.8729 266.552 1.39502 1
265.057 735.165 679.951 0.99589 1
45.7341 -1113.74 -224.722 1.05606 1
29.1324 372.731 154.785 0.901315 1
-135.93 -438.702 32.5325 0.873731 1
-588.827 333.409 106.468 1.40542 4
-167.955 -162.878 -44.8387 0.993577 1
72.2939 386.387 517.604 1.28691 0
-223.906 -122.759 114.558 0.941399 1
-470.02 -119.855 373.748 1.26652 1
196.466 1047.69 135.486 1.20846 1
66.104 194.941 -340.941 1.34493 1
-68.0818 -458.828 -0.299308 0.894353 1
-41.3595 -1154.66 -492.531 0.816403 1
77.6767 33.2926 358.44 1.13306 1
-533.891 52.0426 -315.885 0.890547 1
145.705 269.881 447.346 1.26347 0
481.692 -1311.55 -246.917 0.792618 1
628.51 124.305 132.39 0.892268 1
60.2821 174.654 275.551 0.843582 1
-358.303 -218.294 -218.833 0.862102 1
210.83 285.259 483.764 1.03475 4
-353.557 -262.723 316.899 0.899388 2
441.432 -174.815 -4.0639 0.388392 1
-134.115 -1232.06 -73.5284 0.67119 1
-89.1152 -374.877 -534.301 0.827639 1
5.95367 94.2298 275.944 0.381318 1
135.266 702.959 297.285 1.12323 1
-25.3474 488.881 -170.336 0.853345 1
99.4912 -446.263 -1187.03 1.20299 4
305.252 576.761 566.571 0.66841 2
-98.1957 53.7033 -441.33 0.785728 0
-706.57 168.516 -107.585 0.994897 1
841.754 -767.091 -24.9268 0.441053 1
537.853 -286.358 -35.6833 0.627738 1
-37.405 -516.62 -473.419 0.747536 1
142.997 460.299 -13.0057 1.20564 1
142.509 -736.833 62.4486 1.07976 1
-259.097 434.335 254.831 1.63601 1
57.1084 -335.328 21.2683 1.38598 1
500.523 248.584 161.505 1.39509 1
32.9055 106.692 266.985 1.14982 1
-562.315 -528.498 -196.663 1.21003 1
239.383 103.564 -242.408 1.16869 1
396.055 735.862 -229.475 0.730284 1
-350.144 -575.311 258.157 1.66499 1
-283.837 -145.865 -505.47 0.760126 1
690.048 175.287 49.7218 1.32673 2
-568.743 265.292 214.86 0.580365 1
150.593 487.397 -687.541 0.916723 0
-80.864 196.8 -279.571 1.55884 1
271.796 -102.327 5.45489 0.870933 1
-546.373 79.9062 385.436 1.00089 1
-463.21 338.596 -410.56 1.34305 1
-78.2206 -811.143 81.5764 1.37813 1
-22.0272 -886.864 -181.242 1.08327 1
-555.798 -29.2703 -219.861 0.556542 1
406.495 -50.0727 -99.0989 0.910195 1
29.3483 -403.348 -73.6751 1.14263 1
-126.25 -397.492 -139.114 0.854992 1
-845.479 100.74 233.757 1.37929 1
175.752 -3.73941 112.616 1.0058 1
-139.484 -556.135 844.761 0.564932 0
-46.4121 67.7152 -145.489 0.737867 1
192.305 -58.4778 572.831 1.19071 2
433.35 0.0564657 205.307 0.856728 1
-95.6656 -239.093 270.844 0.891294 1
-466.448 325.181 257.331 0.921703 1
49.4054 343.251 41.9693 1.3222 1
-481.458 -436.537 152.067 0.796517 1
278.452 -110.954 66.5666 1.23989 1
-218.973 575.762 -250.661 1.00351 4
-260.915 305.057 -609.197 0.701228 1
-67.5535 296.597 105.904 0.726952 1
601.228 -1193.91 -568.177 0.841852 1
799.12 -899.689 78.6536 1.71615 3
85.8363 -30.1167 322.291 1.43855 1
-524.203 -335.876 308.452 1.65857 1
28.8595 -5.6579 788.893 1.21766 1
722.352 -604.156 387.188 0.788756 1
-266.858 -338.463 -86.9979 1.06981 1
-272.199 641.424 -614.172 0.7511 4
126.667 -525.346 -387.671 0.571216 1
-269.786 -243.284 178.138 1.44844 1
42.0694 -900.522 130.753 1.52907 1
411.547 638.286 254.407 1.15444 1
-45.5111 430.077 -207.483 1.45156 1
438.111 -94.0094 -430.095 1.7196 1
758.896 -416.19 -100.534 1.1358 0
-457.488 -581.329 631.33 0.861594 1
-409.394 3.95061 -206.046 0.963088 1
70.5227 -131.746 -7.44119 0.653984 1
118.349 179.322 -273.216 1.16591 1
-486.643 331.81 -142.958 1.05507 1
553.863 371.011 -271.803 0.889056 1
379.057 200.446 72.9841 0.698954 1
-462.571 -91.0764 340.659 0.748051 0
130.888 726.645 -215.197 0.3783 0
902.626 -13.31 -562.453 0.502615 1
357.771 290.869 -57.6937 0.868163 1
-573.511 142.659 466.371 1.57398 1
198.294 945.022 -53.483 1.16017 1
-42.292 739.764 -559.829 0.567777 1
-69.6977 -34.8266 -382.692 1.00054 1
809.537 -651.716 42.0786 1.00976 1
285.977 488.981 -93.5105 1.00987 1
-172.502 169.755 -31.9448 0.280052 1
26.5517 -536.923 23.6867 0.752947 1
-122.237 -776.037 34.3302 1.07524 1
387.591 441.349 -444.666 1.14113 1
-501.135 430.703 70.2419 0.606944 1
-221.384 -81.2825 307.392 0.958396 1
-402.309 402.113 46.5101 0.78449 1
-373.298 -343.242 -71.4271 0.888029 1
906.399 -460.837 -128.112 0.690463 1
-226.071 229.762 74.7363 1.26536 1
-347.711 -123.417 -14.8567 1.36507 1
53.8863 -488.365 -12.6481 0.861492 1
392.376 -1.11927 416.006 1.1381 0
81.6283 251.89 317.901 0.922884 1
48.7928 -1268.67 429.267 0.981447 0
-327.155 1.90688 235.474 1.26514 1
357.659 -217.102 -194.418 0.903803 0
-22.1086 860.639 809.726 0.87573 1
-318.635 -737.529 616.795 0.767774 1
-83.4762 -107.758 182.691 1.29673 1
107.885 -326.787 216.909 1.07002 2
-555.887 300.504 -119.402 0.770354 1
65.2699 416.512 -358.49 0.58199 1
535.172 876.237 442.547 1.00321 1
286.203 117.898 -442.91 0.334098 1
124.097 71.9539 -381.104 1.26369 1
-181.868 -676.384 -205.372 1.06999 1
492.416 -291.056 -194.884 1.06467 1
-62.9033 -272.99 147.6 0.915108 1
757.032 105.372 -366.66 0.881982 1
84.1088 346.49 -292.316 0.854415 4
105.803 918.774 -91.5769 0.684458 1
20.5273 657.225 319.623 1.17978 1
-118.125 -253.466 -110.565 1.20146 1
-165.787 -31.3505 -436.946 1.20825 1
-121.399 -147.185 -171.502 0.818039 1
-93.5456 -779.566 315.813 0.837779 1
633.236 164.284 -301.813 0.993468 1
141.462 -520.422 45.1922 1.01577 1
932.6 -726.937 -187.055 1.71763 0
-79.8682 242.657 -333.363 0.951798 1
-379.865 -74.7525 -142.202 0.460017 1
-687.459 675.409 -7.56817 0.79008 1
969.146 -131.267 -504.938 0.934491 0
-34.2369 33.4343 16.5545 1.36845 1
265.642 315.836 -129.405 1.28666 1
-83.2105 -925.547 83.2421 0.948023 1
617.987 310.806 23.7574 0.910515 1
245.032 140.248 194.853 1.00275 1
-331.909 -697.605 -217.778 1.28999 0
-165.309 -40.4783 4.6955 1.28297 1
-89.1917 -897.138 315.156 1.16382 4
-112.859 -1007.51 -74.4048 0.821787 1
78.2641 10.6253 -325.192 1.63738 1
876.64 335.188 476.546 1.41098 1
-28.7735 -96.0609 -209.319 0.750102 1
-5.03303 -435.258 -424.357 0.664537 1
-62.0489 -107.887 330.983 0.725439 1
-186.749 129.995 381.027 1.14558 1
380.647 145.632 564.98 1.49197 0
-293.754 545.751 105.729 0.723343 1
-42.5134 -236.054 360.469 0.804809 1
140.506 1145.66 456.808 0.851394 3
-421.308 -15.3632 633.31 1.26007 1
385.21 -204.893 246.3 1.33205 1
-411.842 14.9571 151.499 0.834951 1
227.582 488.778 228.501 1.04265 0
-434.746 -560.715 -13.1679 0.740795 1
333.024 34.5913 -214.631 0.929606 1
-107.285 602.782 1179.87 1.02387 1
-282.492 25.9026 -98.0614 1.51105 1
-554.328 619.808 278.197 1.13208 1
-469.992 -1023.05 -126.015 1.35113 4
-368.913 522.651 274.264 1.2142 1
44.0661 788.109 -56.927 1.16437 0
69.0858 -693.081 -143.38 0.951958 0
-24.8869 -253.991 107.349 0.448592 0
583.354 441.903 -329.124 1.39573 1
130.606 241.208 -483.204 1.16446 1
-377.829 -286.948 0.462447 0.877247 0
382.087 -867.908 570.155 0.898571 1
260.43 -324.969 -124.081 1.40343 0
313.553 -311.786 -935.526 1.15617 1
-298.718 -162.85 -552.614 1.11117 1
-34.548 8.3474 -214.492 1.13961 1
-471.98 -539.88 -255.843 0.604113 1
-471.71 149.906 154.195 1.16143 0
224.512 118.776 -531.612 0.191858 1
-266.733 568.627 30.6511 1.02848 1
67.2322 -579.849 -163.072 1.14685 1
-396.151 -246.297 375.46 0.793476 1
-163.424 -46.7632 107.378 0.745846 4
-4.39026 232.658 -88.6044 1.1145 1
382.499 -611.088 -152.563 0.432278 4
-146.048 869.987 -176.338 0.460459 1
-824.98 -59.5577 -175.669 1.1279 4
-277.557 -683.537 242.66 1.07511 1
209.573 128.929 193.643 1.2105 3
195.524 -207.915 -78.8887 1.0984 1
240.811 -774.228 231.797 1.34121 1
-11.1783 -1182.03 147.74 1.11286 1
-561.83 -32.9901 180.98 1.03378 1
-277.449 -152.854 136.969 0.82032 1
-176.448 -212.649 113.774 0.908499 1
376.245 -496.019 -314.364 1.39682 1
-538.85 312.12 287.759 0.696384 0
261.47 1067.21 313.225 0.53771 1
-161.033 192.599 -82.5548 0.887697 1
-68.6496 -1022.54 -18.6128 1.55242 1
-489.914 115.034 280.429 0.564973 1
2.3762 -853.074 -128.521 1.35016 1
-187.255 10.352 135.159 0.940761 4
78.7822 -11.438 -112.442 0.851307 1
569.772 277.422 591.552 1.13866 1
-73.8465 -533.527 -21.4417 0.760057 1
381.091 -16.5769 -616.428 0.774947 1
455.647 570.482 330.527 0.71774 1
379.266 21.8094 135.543 1.45372 1
117.574 -29.595 36.3161 0.536754 1
-650.178 965.219 -285.614 1.00294 1
-373.724 567.271 89.4702 0.957881 1
335.658 324.737 -53.3773 1.88625 1
-323.051 -858.107 235.085 1.20638 1
-73.6472 238.074 217.959 1.19678 3
-160.794 -66.0366 -70.4632 0.620241 1
155.878 -871.435 -76.9876 1.13759 1
-13.2729 375.374 -245.11 1.51929 1
35.5928 318.441 -320.446 0.998145 1
75.3914 -85.1498 -135.244 0.994625 1
-295.792 -282.997 -203.962 0.919213 1
-210.467 -337.463 -275.644 1.06191 0
-115.104 475.508 202.265 0.835031 0
-273.255 317.274 317.049 1.2049 1
451.085 830.196 237.789 1.30444 1
82.539 -186.373 3.06985 0.959878 1
-77.3143 277.034 60.509 0.891087 1
