6931.43 -7025.56 -8987.05 1.17323 1
-755.977 748.39 -7261.85 0.88143 1
380.261 -9093.29 -4715.14 0.955895 3
2265.53 8248.29 -1343.92 0.794875 1
2853.12 7077.54 -7638.53 1.02223 4
-6999.68 2779.82 -5367.7 1.19649 1
517.023 5064.91 -9842.79 0.833381 2
5350.9 5558.02 6486.26 0.736663 4
-8164.37 6923.46 -6766.07 0.926053 0
-8316.91 5723.51 7248.13 0.886146 2
3472.18 9518.41 6702.12 1.30952 2
-4514.34 -3940.58 5715.77 0.280995 1
-5654 -5272.02 -1251.24 0.785854 0
9555.31 -5180.45 -7540.81 0.730075 4
-5308.04 7247.68 -768.477 1.07242 0
-5953.22 1036.29 -3084.37 0.859861 1
7762.99 -229.46 5922.48 0.705207 1
-7378.89 7670.5 8436.98 1.15674 4
5472.13 1417.52 5129.22 1.38279 4
-8482.84 -5175.14 -8013.29 0.620992 0
-1074.7 -2611.13 5787.98 0.64571 2
7196.57 -3325.64 -3771.61 0.718586 2
-6665.86 -5011.66 -9481.36 0.843416 1
8697.73 4389.92 -7409.4 0.805909 1
-9236.5 -4500.67 2383.28 0.877877 1
9924.38 -5682.33 129.454 1.54528 1
-3652.14 -6533.06 -9610.17 1.04128 1
-2469.93 2108.3 -9875.15 1.03306 1
-7635.93 6467.76 -2997.9 0.422817 0
5377.59 1801.23 8740.16 1.36259 1
5886.48 8246.54 5800.9 0.579811 4
3173.75 5820.89 4921.08 0.925633 1
-2056.1 7440.67 -8436.71 0.20489 2
-5743.96 -4474.22 2198.66 0.848133 3
-1156.37 -3664.82 7345.73 0.721712 1
-46.3936 -9463.15 5363.64 0.920914 3
4834.98 441.355 -4617.77 0.918816 1
-6810.73 -7596.23 616.263 1.25463 0
-7210.18 3513.5 -7033.76 0.929473 0
8390.46 1757.41 -5437.42 0.982532 0
6157.85 4925.08 4000.2 1.81689 1
-830.416 8165.17 1594.82 1.09705 0
-955.351 -1183.49 -9622.83 1.41992 3
-9774.26 -3164.69 1441.16 1.18192 3
-9297.03 9373.35 -3672.69 1.00887 0
-6496.99 7027.13 -3480.3 0.784775 2
-2530.74 -6009.64 -4391.85 0.655501 2
5915.68 -6346.25 7557.79 0.883366 0
-9124.33 3136.23 2878.23 1.12998 1
6156.94 2486.16 -286.704 0.634787 2
9350.73 -1825.48 -985.369 1.14837 1
-971.52 882.033 -9212.9 1.31831 1
5361.71 -8417.68 -1850.35 1.39714 2
5389.64 -768.752 -761.395 1.08266 1
2970.75 -6789.14 -1765.65 1.11211 1
6904.41 -3992.55 6601.58 1.11182 1
-2329.87 3643.09 955.172 1.14841 4
-2346.54 6893.52 58.5361 0.906647 1
-3117.08 4660.69 -2754.28 0.678294 2
-4100.99 5904.19 9640.07 1.32409 1
2001.8 3257.97 -8048.46 1.37906 4
-6364.23 403.255 7441.73 1.29488 0
-8702.43 5651.51 -5944.94 1.0749 0
-7126.81 7961.52 -1300.33 0.961175 1
-9931.33 -9916 -5922.22 1.11433 0
8771.42 -4518.59 -7797.46 1.01819 2
8827.2 2113.23 2807.9 1.35639 0
9943.36 -2471.67 -6775.79 1.05482 1
9363.91 -1040.99 3111.02 0.949079 1
307.597 -1061.68 1045.59 1.00451 4
-2981.14 -2458.53 967.177 1.0995 2
6803.16 349.849 4650.58 1.0733 4
-8828.57 -3436.6 -4884.36 0.247603 2
-4739.73 4060.07 3691.58 0.799499 3
-2811.78 -2394.89 -8452.08 1.28274 3
-1909.43 9567.96 -3894.21 1.04175 1
337.62 6020.25 -9111.87 1.45341 0
8389.43 3488.3 7800.22 0.893433 3
-7508.41 8899.92 -4940.61 0.679656 0
-1283 -6131.75 -5860.82 0.917487 1
8787.42 5822.37 -3742.57 0.791655 3
-2305.66 5967.31 5093.52 0.872271 0
68.8994 5027.17 3112.67 1.02264 1
6786.2 3800.69 -200.01 1.2425 0
-6672.32 -5208.7 -4676.05 0.740188 0
-94.583 -8163.04 3668.46 1.23858 2
4855.49 -2559.32 7523.29 1.05167 1
-7340.36 -6626.68 2349.74 0.458465 0
-7574 2933.24 623.622 0.833518 3
-5561.67 -6095.33 8014.45 1.36963 0
-8560.49 8723.05 -7463.72 0.699323 1
-4848.26 -3022.27 -5785.13 0.909964 1
-6029.15 975.454 2824.98 0.850657 0
3670.14 -526.292 -6031.5 1.5638 3
-1385.02 1021.11 8225.68 1.67376 4
2318.28 -1590.8 9282.6 0.644012 4
-4922.44 1017.2 1525.82 0.442225 1
-6627.68 -8216.23 6606.96 0.698409 0
8545.29 6304.89 -6574.31 0.903587 0
3925.97 -1990.37 -7471.08 0.627963 1
3649.52 -1732.54 5248.46 0.918393 0
-6235.17 -4955.23 -8522.78 1.08384 4
9153.47 -4992.51 -3047.1 0.736548 3
55.1924 -6432.56 -5868.85 1.03303 2
9645.29 -2498.62 5668.68 0.450897 1
8067.4 5047.1 -2518.71 0.732068 1
-8527.66 -7133.46 -1051.77 0.671459 1
-9860.8 -8094.03 9153.63 0.711894 2
-3564.37 -4490.2 -1324.55 1.36177 1
5417.84 1179.23 7091.73 0.76903 3
-4643.21 3403.02 5520.82 0.532507 2
2289.31 7634.39 -9823.29 1.87317 4
-5698.76 6538.42 -2677.3 0.994175 2
-1995.2 9886.45 -1495.04 1.37954 3
3838 -1623.97 -5164.11 0.788357 4
-2140.83 -9467.76 -4922.2 1.08606 4
1774.22 -8452.67 -7054.68 1.00162 0
-5049.73 -1447.77 -6512.69 0.863241 1
5437.21 6007.39 8764.05 1.22837 3
-5249 9336.53 8133.65 1.04185 2
3267.62 -6307.65 2241.16 0.804659 1
7357.52 -1912.04 -4663.03 0.873996 0
8386.72 -7595.81 9582.54 1.19516 0
9173.99 7725.03 -5436.84 0.977265 1
-9891.43 2589.84 -30.4404 1.02196 4
1518.39 -5976.91 -7572.4 1.21759 1
7588.6 2819.24 8935.91 0.679606 1
-1729.05 3257.63 -7333.44 1.07903 2
-7974.44 -3935.09 1299.38 1.21879 4
903.639 -8648.81 -8960.63 0.964378 1
5562.02 8302.28 -187.724 1.02265 2
7445.94 -2820.2 9146.82 0.937016 1
-6002.56 -9653.14 -4166.21 1.25668 1
3719.27 7001.6 -7334.28 1.47251 4
-1248.66 -8089.85 9055.95 0.905562 1
-9053.88 679.062 -215.491 1.22601 1
-8432.53 -994.85 9201.43 1.33129 1
-5226.85 2200.4 -255.035 0.825905 2
-4350.8 -3628.94 -6272.46 0.816993 0
7061 8989.75 6417.77 1.50971 1
-5636.83 -3327.22 -8079.14 0.875716 2
2086.43 6433.4 -8035.42 0.93637 4
972.45 -3349.98 -2146.13 0.607215 0
-7260.8 1068.33 -7585.91 0.801672 2
-2538.09 5108.96 3810.05 1.24479 0
6829.13 -4313.31 1412.03 0.774246 2
9972.94 8679.19 -1194.9 0.780218 3
9441.9 -6458.52 -7663.3 1.0744 2
6221.96 5189.47 2033.51 1.01455 1
-9735.73 4073.94 -6316.71 1.13623 3
-2690.23 -4845.52 9553.13 1.16726 1
9968.79 -8749.11 -8310.14 0.860273 1
1296.64 4317.15 5922.58 0.954141 1
8567.27 6462.97 5567.34 0.833095 0
4457.65 -594.472 2687.11 1.25423 0
-6544.89 -7781.13 1305.83 1.11509 2
-895.722 -8393.47 -1764.86 0.969882 0
6785.94 -3551.51 6067.24 0.754347 1
-8624.39 -3675.55 -9755.46 1.05772 1
3257.29 1079.8 -6085.85 1.39793 1
-5678.18 4847.03 1899.69 0.687867 1
-6553.56 1728.04 673.376 0.772096 0
-4799.59 1969.31 3548.49 0.626986 0
-7292.36 8655.4 -47.0234 0.637841 2
8033.24 -3706.39 8586.2 1.21374 3
-6229.27 9376.92 -3043.91 0.843017 3
-623.113 -6524.92 -4225.31 0.67674 3
-7122.49 262.165 -1219.71 0.764786 1
4330.9 3581.45 5680.4 0.82354 0
-2281.45 1775.88 5005.39 0.78987 2
-3879.05 -7613.5 1818.02 0.972648 0
-288.733 1644.15 -8473.7 1.24641 0
6547.94 5652.36 9788.74 1.73935 3
7318.05 2688.57 1587.19 0.921589 2
-9106.97 -1096.38 8660.66 0.526883 1
4160.75 2481.42 -6676.56 1.0261 0
-3329.89 -6268.45 7565.55 1.51467 3
-3857.98 8451.79 8729.7 0.682741 1
-4507.64 -2566.19 6565.48 0.738026 1
-8268.47 -6001.34 6239.62 0.354374 1
0.657227 5827.79 -2297.75 0.529443 1
-170.646 8868.12 -3572.96 0.935399 2
9279.6 817.51 -1985.31 1.01107 0
-9365.16 -2654.1 -6149.01 0.845967 1
1961.08 -1144.41 6773.81 0.833095 2
-5597.46 2319.55 -8811.87 1.30614 1
-5676.86 6976.47 -8450.23 1.00188 1
-5218.53 655.387 1467.28 1.78343 2
1178.1 9080.51 -9870.86 1.13775 3
6574.43 -1555.24 2067.61 0.989787 1
9632.74 -4435.41 -4288.23 0.909934 1
-6474.62 1770.22 5873.19 0.958079 0
-6261.89 -5986.69 -2928.21 1.24053 1
4589.08 8285.68 -5434.83 1.4304 0
5973.13 9806.22 -5569.81 0.322074 0
-5598.41 2745.2 -6111.5 1.31395 4
5807.96 -2023.91 -4040.24 0.625325 1
-7960.4 -883.437 7224.02 0.242151 0
-499.13 -1293.37 2428.71 0.822155 0
7773.35 2437.96 -2532.89 0.575633 2
8635.49 5145.91 -7572.86 1.07501 1
-6271.69 -8246.63 4798.89 1.09157 1
7098.36 2442.2 4843.68 1.52598 4
-8509.05 -7156.17 5234.38 1.11448 0
-6090.88 8584.46 -5182.17 0.537346 1
-9786.96 -6227.13 -3738.08 0.935188 1
-1705.73 -2406.25 2478.45 1.32013 0
-9666.45 -6989.33 629.616 0.822227 0
-7991.91 9085.27 -2903.97 0.948744 2
-9887.72 4193.23 -1930.27 0.753936 2
-4498.83 -5375.91 -7906.5 0.998814 1
-8504.84 8016.98 -692.31 0.567915 1
-8402.67 -3360.48 -6364.54 1.10223 1
-5490.44 -3567.78 -3252.81 0.822931 4
-9253 2647.18 7950.77 1.42324 2
4112.1 1809.09 -1674.74 1.24408 0
-3455.5 -1780.85 -2320.49 0.92357 1
-7409.58 -106.261 6562.07 0.858258 3
-1058.34 5689.69 -1733.81 0.496857 3
-3573.78 -4310.29 3732.05 0.803695 1
3329.33 3609.97 -7519.45 0.680718 1
7107.98 -7836.17 1464.6 1.64853 1
7649.1 9658.15 9662.81 0.919088 3
873.588 6815.14 6947.72 0.799233 0
-5998.89 4811.45 949.929 1.38634 0
4285.53 -9942.74 -3739.74 0.911913 3
-3840.26 5331.07 8253.88 0.718139 0
-3890.89 -2825.88 9027.56 1.11497 2
-7972.21 -8120.39 6475.94 0.812204 1
3341.92 -4210.2 -8263.99 1.71337 1
-3629.99 7882.91 2151.46 0.667407 1
-72.3877 2949.88 -3324.65 0.968884 2
-1946.72 5465.39 -7617.89 0.920588 1
-8548.31 1995.22 8517.24 0.9269 3
-8598.38 8639.58 4240.73 0.673761 2
1090.24 7999.46 9992.26 0.551281 1
2423.96 6346.88 9631.32 1.06424 4
-4979.89 -4359.81 431.365 0.338328 2
-9695.41 -5652.32 4572.04 1.00679 2
-5119.92 6682.53 9424.39 0.835186 3
6407.2 -1411.34 1838.15 0.729324 1
4581.78 -9484.68 7524.44 0.845882 3
-3964.37 -8358.87 5361.05 0.66007 0
-895.027 -1566.32 -1300.3 1.50062 3
903.261 -3990.45 1229.42 0.707433 1
-1446.66 5445.06 2612.57 1.25571 1
-7686.64 -9623.66 -7961.53 1.20227 4
-7761.68 -1724.42 7968.72 0.947938 4
-826.195 -2322.62 334.53 1.05501 1
-6742.4 -5421.03 -1133.05 1.00633 3
-6153.45 3454.44 -8822.55 1.016 3
8245.15 -5672.74 8880.2 0.987734 2
6171.78 -5418.79 4226.06 0.804317 2
5398.63 4529.52 -9140.26 0.809972 0
-4188.43 6257.37 8001.36 1.12971 1
-7642.21 9784.68 5330.82 1.13542 2
4592.83 -7920.88 1501.89 0.680869 4
6754.07 -6196.96 5653.81 0.85062 2
-4570.8 8431.92 -5858.15 1.34247 4
2581.84 -6427.36 5045.92 1.2192 1
7379.91 -3335.96 6681.37 1.08967 0
-1939.67 8955.92 2678.7 1.25632 0
-3753.61 -5990.19 -4132.76 1.68427 1
-6982.95 2959.39 7506.79 1.00268 4
9458.85 6211.41 -3013.82 0.861929 0
-3564.22 -5816.44 -3970.93 1.32555 1
-3396.94 -816.808 -3480.62 0.676717 0
501.319 786.105 -4782.63 1.02034 0
118.385 -3841.03 -3829.76 0.585066 2
-1298.11 -1742.48 9957.39 1.28804 3
4575.94 9854.12 5253.5 0.971995 3
2396.78 -1411.94 4809.6 1.38028 4
1948.85 9316.6 -2198.01 0.68626 0
6743.77 3732.38 2946.61 0.708488 2
1913.68 -9237.38 5932.01 1.18426 1
-2459.24 -3938.62 -8464.91 0.654554 1
563.858 -3469.71 3162.91 1.21095 4
359.816 5274.55 476.771 0.706819 4
-6000.33 -47.2812 5012.31 1.10376 4
3947.14 803.526 1975.89 1.23895 3
9402.77 5087.78 -8035.93 1.00226 1
-6779.89 -6197.52 -3195.23 1.15529 1
7901.32 -3187.56 -4444.6 1.36513 1
-5651.3 -3399.7 -8311.98 0.905158 1
-5155.74 -2339.29 -286.818 1.20257 2
9536.04 2332.61 462.483 0.455741 3
-1299.9 3877.94 8247.35 0.723928 3
-557.931 -7065.59 3770.43 1.2126 1
-4433.75 -4675.87 -1519.35 0.871127 1
6186.74 -8621.73 -9487.51 0.740385 0
-8361.53 -3307.98 -1539.12 1.74831 3
-8852.88 -3549.06 -1765.95 1.1 0
7712.07 6550.49 2950.76 0.465503 0
885.505 3255.41 8473.88 0.355122 2
5446.21 9133.48 3692.16 1.22049 0
6158.64 -6345.05 7273.03 1.20048 0
8517.91 1143.83 2555.09 0.879251 1
-80.9971 -3537.24 -6645.79 1.29456 2
5736.96 8686.14 4910.38 1.38402 2
6701.59 -1199.1 928.725 1.37904 2
-6972.98 -2864.78 7130.73 0.969899 1
3185.32 5664.35 3890.22 1.13423 1
-1601.94 5046.03 -5646.27 0.911228 2
-7528.86 -400.45 -8892.13 0.652529 2
-2180.5 -5855.28 -8282.08 1.46767 3
424.666 6933.81 2262.29 0.693856 2
-5571.62 9643.98 2994.69 1.38082 0
-4002.46 -5276.38 2969.73 1.19686 3
-9305.12 -3811.39 2637.15 1.11465 1
-9353.45 4628.82 -6425.46 0.798492 1
-3020.42 -9809.1 -2751.13 0.502276 0
2378.94 -6641.88 1321.07 0.807219 1
-5537.75 -1910.62 183.922 1.22394 1
-3253.98 5708.47 -8906.43 0.906551 3
-9677.54 -6323.25 -6993.81 1.76212 0
-4668.26 9929.04 9119.35 1.04255 0
9771.51 2545.8 -6615.92 1.24806 0
-3677.58 1507.05 -1265.12 0.763638 0
4159.1 -6928.57 5787.18 0.895716 1
-4773.58 -7815.08 4782.76 1.20086 0
-4413.82 -1348.82 1563.37 1.29871 0
5861.57 2870.63 49.2383 1.45546 0
9246.79 1876.15 3366.25 1.12168 1
2294.64 -319.037 -432.338 0.811236 1
-7983.66 42.002 7870.15 1.371 1
1447.35 7857.82 -193.259 1.48601 4
3364.44 8198.67 -3371.13 1.02274 3
-9332.35 2063.24 -5077.96 1.35191 0
3775.4 -4897.96 -550.786 1.24158 3
-2997.99 8384.97 -2962.61 0.868609 2
8146.13 -958.334 8998.28 0.670055 3
-7254.89 -6951.84 1985.03 1.03457 0
-7327.12 734.626 -5825.72 0.900409 3
2078.57 -1988.92 -2755.89 0.496827 1
-201.53 7347.88 -2449.22 1.04732 1
1003.7 6250.29 -6844.22 0.757206 4
-5789.49 -8967.66 2657.25 1.13602 0
-2116.81 -9814.14 -9831.83 0.961451 4
-2538.01 665.273 1013.09 0.550273 2
2406.22 -2091.58 -1800.18 1.59745 4
6690.14 8731.24 7014.44 1.38904 1
-8703.42 -9942.48 760.597 0.830304 4
3590.83 4541.08 -2427.51 0.916355 0
-3376.53 2937.4 -1516.99 0.523975 1
265.885 5818.04 68.5967 0.97097 3
-5447.7 8177.74 -9063.85 0.873294 1
-6598.18 6562.55 -874.001 1.09476 4
3121.35 8746.92 -4222.87 0.855322 1
6793.47 -3639.59 8085.77 0.688451 0
5323.5 -6696.71 7286.67 1.05411 1
-7067.17 -3965.95 7090.49 1.08376 1
-7557.01 8980.28 -8766.51 0.881028 1
1874.31 -4216.5 2919.45 0.255903 1
-6948.59 2291.39 8642.38 0.613897 1
-518.917 -5083.1 9352.85 1.01936 1
-3003.77 -8829.61 1459.11 1.21635 1
5105.57 4328.44 -1205.58 1.60216 2
5039.17 -3954.52 2152.05 0.7924 1
-3841.63 -6043.37 881.236 1.25844 1
3358.62 6675.59 -5271.34 0.511501 2
-609.159 -3641.28 405.831 1.31438 1
8439.5 -5679.79 2986.68 1.11437 2
-1571.48 -9472.95 5906.24 0.865315 3
6330.23 1765.82 -1498.11 0.912578 2
-7906.36 2661.64 3901.86 1.26039 1
3201.51 9923 8591.48 0.698382 1
7225.3 -3863.78 3213.87 1.22471 1
607.76 5838.11 975.924 1.24845 3
-5875.55 1236.56 2830.75 1.2295 1
5140.47 974.77 345.263 1.21092 1
-4740.17 -6953.44 -6428.08 1.40161 1
7624.15 -1835.08 -9619.98 0.56541 2
5629.56 9350.72 -1783.02 1.11709 1
6988.56 5914.53 -6529.46 0.732155 4
-6945.41 312.791 -3682.4 1.11836 3
-6491.55 -8347.85 6559.79 1.34568 2
-5186.7 3792.56 2006.62 1.18262 0
-5408.91 7808.8 8498.07 1.2047 2
1268.75 2177.82 3001.17 1.38454 2
1649.04 -3659.38 4804.8 1.16612 1
376.169 3261.86 1346.3 1.07818 2
-2215.79 1109.18 -7978.86 1.25372 3
-7977.46 -490.038 -1382.05 0.336674 1
-5597.07 5455.2 3601.68 0.435078 0
3874.42 6433.3 -3594.65 0.610549 4
-5048.99 5594.91 -3518.74 0.75112 0
4928.08 9392.67 -9687.69 0.932735 1
-5219.82 3593.87 5784.8 1.01677 1
-1770.41 8669.81 -2008.25 1.81455 0
8845.24 -934.433 7163.9 0.991569 2
2824.7 -4244.57 -4270.25 0.228969 1
-9920.02 -5198.2 4053 0.963023 1
3809.7 6533.3 5073.91 0.740828 2
-3334.74 -1098.96 6528.12 0.754678 2
712.15 -344.98 -9205.14 1.29204 4
6053.19 -9024.42 1110.16 1.34017 0
-6793.07 4708.48 -741.812 1.0964 0
-7480.65 9049.28 8883.76 1.0864 2
-6000.19 -4575.31 -9388.97 1.03711 3
6315.37 -6977.89 -8531.18 1.11042 2
-2457.38 8496.32 6381 1.35422 4
-3016.66 5155.46 3581.14 0.741477 2
1260.78 -3744.67 -3279.35 0.654203 1
2377.91 739.982 1709.2 0.822725 1
-3073.5 -9417.37 -1909.26 0.411081 1
2716.27 -7702.69 7667.9 1.24823 1
5223.85 8888.26 4486.63 0.999218 1
7412.67 -3811.16 7888.23 1.05724 4
-9110.36 -6209.74 4585.19 0.799988 1
6087.32 -2741.56 -4708.23 0.812364 0
1984.54 6560.91 3080.93 0.90438 1
-6066.2 -9063.18 263.587 0.884603 4
1991.79 8844.72 -6234.53 0.621365 1
-4843.55 966.799 -6934.9 1.41578 0
8368.65 4912.71 9993.77 1.28672 0
-446.508 -743.032 1600.38 0.306055 1
-526.619 -1851.04 6417.75 1.19156 1
2156.81 7060.4 4625.52 1.65751 0
4708.24 -400.035 2714.47 1.25606 2
-9233.78 -2982.36 -4058.3 0.888691 4
1034.15 4524.5 -3312.81 0.743618 2
-9543.08 -2960.87 6802.41 0.459542 0
4891.76 -6805.05 4503.75 1.25879 2
-1514.15 -3273.84 2414.14 1.2142 1
8573.71 -8799.35 -5594.78 0.619022 3
4232.71 3328.46 5404.22 1.3913 0
-7862.73 5613.38 -2688.92 0.913398 2
8411.08 -9920.84 4321.89 0.749559 4
-4766.39 -5441.56 -3024.66 0.726522 4
-3686.11 3338.83 7807.49 0.510456 0
-9892.5 6518.15 -1497.83 0.98228 1
-1901.32 604.912 -3757.47 1.30575 3
-6142.49 7154.84 3453.93 1.42386 0
4194.1 3661.11 6740.56 1.12549 1
189.917 107.784 6509.1 0.78416 0
-2358.98 4750.29 5613.55 1.02602 4
-4136.98 -1577.86 -2822.18 0.667904 4
-1199.81 -8821.45 3357.71 1.06165 1
9578.76 1981.77 -107.951 1.38593 0
6797.48 7394.53 -6320.45 0.952857 1
-1391.24 -3348.49 -4095.01 1.12275 1
-3083.8 -2668.42 -9306.16 0.947133 4
-317.978 -9068.62 -9435.63 0.903094 0
-467.592 -2062.99 6326.26 0.805842 3
3634.69 -9372.51 -9798.56 1.28131 0
7032.27 1276.83 -8767.43 0.785976 4
-5183.52 7191.19 8568.9 0.899401 2
-4349.13 8834.02 -4411.86 0.602135 2
2934.86 7272.29 4054.51 1.63122 1
2056.62 -3917.97 486.186 0.919416 4
-1288.01 1487.07 7185.31 0.616221 1
-9997.21 6477.08 -7735.42 1.36528 1
-2175.43 6348.61 -8501.75 1.00234 1
7906.69 527.67 -6478.99 1.33797 1
-3896.82 1042.78 8969.54 0.570962 4
-6997.68 -9506.46 -3806.98 0.888685 0
992.929 842.414 -641.47 0.884174 0
980.522 576.021 -8232.67 1.43186 1
549.336 5381.88 8621.77 1.30827 0
-5896.43 1207.85 7721.58 0.675499 0
-3289.65 -9726.15 5349.89 1.01581 1
4606.32 -4964.55 4977.46 1.59719 0
2484.2 331.816 3363.86 1.1098 0
-2953.38 -7423.55 4923.17 1.1233 4
1292.22 -7317.96 -7433.62 1.31863 2
-6035.62 -1481.78 -8985.75 0.846552 2
-7438.36 9917.54 963.6 1.54088 3
6872.85 1453.32 1638.17 0.651499 1
9638.03 948.747 3489.04 0.826079 1
187.059 3218.29 615.87 0.883011 3
7210.06 8708.99 -1501.41 1.02639 3
1847.35 -3931.01 8950.25 0.943509 1
-3797.86 -8659.96 -7807.72 0.892832 1
1573.02 6090.49 532.457 0.794892 3
-3341.63 -1858.02 4632.09 1.15928 1
-6938.89 -1864.22 4407.4 0.946975 0
6773.88 4186.76 2488.25 1.41809 1
8787.56 -5778.28 1490.23 0.888405 0
4851.08 -8127.8 -2398.01 1.22081 4
3444.91 -5748.72 -2192.89 0.475205 4
-9108.53 -8478.27 5394.29 0.858878 1
-2062.1 4851.42 -9873.13 1.16163 0
-5541.71 5086.28 1067.34 0.908952 4
-2336.32 -604.834 -9455.59 0.405149 0
-5717.73 3637.44 9370.95 0.897346 0
-9407.06 -2081.86 -157.335 1.13885 4
-5881.64 -4531.61 -2521.24 1.26854 2
89.5791 3073.09 -4749.35 1.10884 2
7382.37 9051.97 -3667.25 0.977511 1
5818.53 -3412.63 251.069 1.19958 0
-6959.96 -4492.56 5130.88 0.589204 0
9831.93 1720.28 7022.31 1.21743 4
-1328.14 -3331.6 2822.85 0.85775 1
6425.12 -4545.15 -57.2939 1.19528 1
7467.07 -1666.44 7948.8 1.0939 0
9065.83 -1514.61 2298.94 1.37265 1
8338.09 -9067.6 -5563.51 1.04885 1
-6802.21 6572.94 6237.26 1.05232 1
8288.7 -7944.17 -496.344 0.651667 3
-7358.13 9700.41 9526.08 1.41461 1
9549.23 9374.84 6140.39 1.41959 1
4849.62 -7891.38 7528.92 0.952379 1
-4166.75 -6510.45 4801.86 1.30012 0
-2104.15 6717.47 1404.63 1.12859 4
7987.52 719.425 -2293.81 0.731474 3
-6654.02 5224.52 -7432.49 1.21331 0
3603.12 800.176 6770.76 0.851327 3
-9576.11 5377.45 3937.36 1.31069 2
1312.86 416.219 8282.09 1.26697 0
5112.42 -5119.92 -824.991 1.4272 4
-8893.65 -5430.29 -9010.75 0.950085 1
-1189.82 7858.96 4618.47 0.821497 0
-7448.64 208.173 -5861.11 0.588692 1
-4964.43 9119.47 -8544.3 0.849794 0
4445.99 -3722.07 1053.47 1.21619 2
-2034.76 4941.95 -8482.36 1.17514 1
-4752.19 4383.06 -4238.72 1.03663 1
-4512.91 2555.68 -5497.85 1.1198 1
-5456.37 1727.24 -1988.16 0.621633 1
-7836.29 -3918.9 -1290.26 1.27358 0
-9759.62 2817.72 -5372.74 1.00109 0
7475.52 8832.06 6474.68 0.678947 1
3000.96 -1504.19 9295.86 1.28281 1
-9652.8 -3339.22 8704.68 1.20635 2
-9826.66 982.27 7261.49 1.44027 1
6373.46 1707.87 -4404.74 0.917818 0
9413.55 -4437.91 -8111.37 1.33135 1
-1456.54 -4062.85 -8610.32 1.16191 1
-1495.63 -8743.48 8614.46 0.758771 4
3693.46 -3754.25 1470.74 1.19173 0
1272.59 -5168.28 2285.49 0.931068 1
2292.47 7586.44 -9531.5 0.93813 0
-623.772 -4846.46 -5776.19 0.522732 3
-5365.55 2975.43 9727.42 0.697442 4
5881.64 1910.51 -4282.29 1.30955 1
-757.705 6029.18 -5988.64 0.517817 1
7915.79 -2695.93 -2722.31 1.40933 2
-5557.65 -9537.57 -5966.63 0.477829 0
1309.75 8650.04 5536.59 0.761389 2
4542.83 -8364.46 -2941.7 1.16916 1
3115.75 -40.2812 2688.74 1.24329 0
-7269.36 8284.04 -3782.06 0.715261 4
-9712.1 -896.875 -9558.82 1.10801 2
5989.43 -1281.66 -9384.98 0.583182 3
7850.47 -3687.39 -4386.91 1.40017 0
-80.6426 -7044.94 2989.7 1.56639 0
-6393.68 6192.98 -9328.2 0.712891 0
6269.41 7258.07 -3088.32 1.15923 4
-1379.96 5407.83 -5661.94 1.09064 1
-3545.17 107.001 -9884.67 1.08865 1
-6813.06 -5199.63 4175.15 0.703258 2
-5560.37 9909.98 4561.02 0.997465 1
-4571.23 9096.17 -2241.44 1.04279 1
-930.642 -7243.98 -9234.04 1.18857 3
7447.23 9845.98 -1731.72 1.09552 0
-3598.06 5189.05 7281.73 0.854467 0
909.119 -713.537 -3878.97 1.39915 3
7510.74 3917.99 -6013.8 0.928617 1
-1322.81 -4932.68 8906.91 0.974294 1
-388.307 4700.45 -4540.56 1.05637 0
6545.46 -6149.87 -2922.07 1.17881 1
-3595.03 -7183.01 6926.46 0.854912 1
-555.812 -9614.59 8976.04 0.97874 1
-1809.25 -4353.57 -2748.44 1.24904 1
-3693.77 -1663.43 4235.83 0.742601 0
4004.04 -4159.46 -5736.67 1.08011 1
-7550.26 -1117.84 -7551.49 1.13386 0
-7927.93 -4542.29 -5753.31 1.19744 3
9623.17 -8355.54 72.1738 1.2023 0
-8255.38 -1985.35 -467.835 0.983045 1
9866.28 -7541.77 2575.08 1.65101 4
2323.99 -3195.48 -6222.35 1.15331 4
2380.56 -5964.21 1356.38 0.478486 2
-2289 9409.43 7394.32 1.32059 1
4659.93 668.653 -5626.83 1.32706 1
8064.65 5474.56 -8816.02 0.928206 0
-3550.07 1783.64 -2006.23 0.924687 0
3623.21 17.1807 -8740.71 0.731511 0
9009.12 6383.54 7888.14 0.535014 0
1319.17 -6511.49 2896.28 0.49502 0
6350.48 393.192 -6976.89 0.796764 1
-7680.25 9238.77 2890.78 0.815871 4
9158.82 -4154.13 -9844.12 0.812068 1
-6215.61 5657.09 8058.92 0.915846 1
4420.93 9207.18 -5373.59 0.635926 1
-5137.16 -1614.88 -8595.18 1.29589 1
-8635.19 9113.33 -3940.67 0.796625 0
-2338.18 -7175.86 -8107.11 0.795805 4
-19.1758 -3934.1 -3138.43 0.627522 0
-8910.14 -7918.01 -8733.21 1.15236 2
-4255.86 -1661.43 -642.432 0.928217 1
-9500.16 -1950.22 2599.5 1.13819 1
-1662.46 2426.86 5576.39 0.590223 2
8687.66 6644.53 956.25 1.24751 1
1391.32 3499.5 2644.05 0.696997 1
4772.89 -3401.72 -6810.64 1.10241 4
-9337.04 -2919.7 -8857.02 0.775961 4
2952.54 3408.49 -9515.49 1.06376 2
8678.48 -2266.26 5750.92 1.16382 1
9788.94 4905.09 -1379.75 0.815912 1
-2509.59 -1452.89 -4177.88 1.27731 3
-7381.44 -4780.71 -8988.64 0.95544 1
-6670.62 2540.21 -2902.19 0.898613 2
2882.64 7634.41 -3857.9 0.846732 2
4609.3 -9644.99 9525.13 1.27789 4
-6749.63 6142.79 1558.02 0.706187 4
-4726.67 -68.2764 6237.84 0.58575 2
-6793.17 -8532.6 6854.08 1.00375 1
-3530.27 -7782.15 9762.4 0.808567 1
9134.02 -2536.51 8653.98 0.687064 4
3836.52 4120.07 1299.2 1.3804 4
9240.74 7673.71 -424.593 1.21883 1
-755.87 -2354.72 -9434.23 1.25917 1
-6225.18 3421.19 4678.82 1.02602 1
-930.12 6084.14 -9553.12 0.8943 0
-2529.21 943.217 -398.422 0.212836 3
-209.013 6077.43 9073.91 0.808325 4
9512.99 4711.26 -8406.31 1.08467 2
7152.6 623.909 6641.67 1.25179 1
-7229.74 5189.98 1104.71 0.731974 1
-7716.18 6553.23 4990.97 1.09042 3
-8672.46 -4655.74 6370.19 0.568661 0
-4057.62 7806.52 7244.66 1.40657 2
-7707.87 8417.38 2869.05 0.877878 2
-7101.24 6333.28 -390.532 1.25687 3
-8184.02 5045.57 -3546.26 0.975694 0
7999.29 -8437.75 6320.62 0.405374 1
-2506.06 -6330.56 1135.95 0.810435 1
9129.82 -8339.09 8441.9 1.06347 1
7869.68 -83.7725 -6561.46 1.2209 0
5920.06 -9595.92 -4819.26 1.10302 3
1639.28 3551.98 4466.51 1.07981 3
-7869.64 5578.97 -9545.6 1.62996 4
800.695 4668.64 -2902.6 1.22402 3
4126.71 -4982.51 -3308.73 0.75798 1
1006.68 -9380.99 9428.17 0.607158 0
2578.58 -2117.18 -6090.92 1.33539 0
6640.13 7983.81 1990.7 0.657337 1
-625.083 -1037.96 6287.26 0.674754 1
5817.48 -3199.3 -414.798 0.652475 3
8750.75 -1135.68 352.922 0.676863 1
-1751.82 -1580.3 7044.8 1.23634 0
-2580.72 6790.75 1869.1 0.819147 3
-6137.51 -4645.77 -1146.83 0.828968 3
-3985.18 1255.73 2642.78 0.592572 0
6977.66 -6607.01 -9261.13 1.14353 0
-7257.03 -1402.46 3146.85 0.66412 3
9492.79 2843.42 -6707.02 0.77604 0
-7714.32 -8856.89 7070.15 1.3041 0
-9679.53 -9549.91 8277.84 0.537855 0
-3413.76 -1991.4 6812.85 0.778231 0
7553.62 -5030.15 -2925.79 0.821742 0
-4827.55 -5426.97 2363.63 1.27233 2
-5013.29 -7600.43 -9818.52 1.13078 3
1785 -7035.13 -9800.5 0.855877 0
8414.88 -2829.55 5319.44 1.59025 0
-78.9658 8814.83 5757.49 1.08948 1
6467.53 7603.27 515.543 1.47103 2
8994.3 4962.46 -7431.15 0.388449 0
-7161.96 -1121.34 -7653.59 1.16179 1
9814.8 4185.14 -7358.36 0.715905 1
1837.88 -3759.28 -1126.51 1.11554 0
-5758.28 3186.03 6187.43 0.477191 3
-7961.77 -9319.02 8657.8 0.885653 1
7919.62 -2018.74 -2079.96 0.930097 1
-6818.82 -1281.42 -2581.33 0.574799 1
5268.22 3688.46 4430.15 1.23776 2
-7333.85 8608.05 -1962.52 0.629094 1
-6692.37 5451.32 -4078.83 0.868653 1
6192.98 -7786.22 6457.38 1.12204 1
-6407.29 7753.65 -2235.56 0.91747 1
-3082.67 4003.7 -2369.74 1.41213 0
-3876.44 8842.22 7564.36 1.10018 0
715.38 -4645.52 -1041.29 1.27806 3
-5202.13 -7586.9 -2067.06 0.951916 1
-564.478 -9543.92 5000.21 0.889714 0
112.67 2601.5 7579.53 1.42089 0
-2606.52 -4965.82 -2266.73 1.11289 4
-9723.86 2659.91 6150.61 1.32556 0
-5802.45 3604.64 1106 0.943413 4
4344.94 8763.09 -9229.96 1.11113 3
914.848 1869.75 -9820.29 1.02081 4
9652.69 -1835.07 -7664.22 1.09862 1
-2945.24 -6094.93 -8437.27 1.37348 2
4070.1 3818.99 4893.55 1.33551 0
-6233.3 5221.51 -1461.17 1.29248 2
-1941.08 -9496.93 -4510.97 0.810616 1
-2783.94 -4173.62 -5867.02 0.711452 2
912.648 -7727.75 -7941.42 0.986416 4
-4080.08 -6280.15 -6031.13 0.77502 1
8867.52 -3294.06 1824.47 1.56497 1
-3862.35 3418.41 -6240.95 0.191979 3
-4821.03 -5488.74 1195.62 0.764329 0
4965.15 -3368.56 -3565.9 1.34701 1
-6224.38 8728.63 -2629.09 1.14229 0
3661.36 6028.42 -1398.75 0.642141 2
6575.86 -7237.4 2762.79 1.26378 3
-7705.76 -7484.84 -5848.62 1.25429 1
5685.29 -6007.92 -6509.28 1.24072 4
-9027.88 7792.35 -6681.09 1.16318 1
-6552.1 2419.38 3913.53 0.959919 0
-8376.94 5996.71 9131.86 0.655699 1
-6775.63 -5796.92 -9059.51 1.04579 4
3061.68 -8960.41 995.239 0.916493 1
-9141.68 4040.88 -5753.71 0.832977 3
7534.46 2194.26 1840.64 1.28716 3
8793.37 -9817.9 -2598.73 0.844333 2
-7419.9 4549.9 -7453.59 0.689603 2
7448.08 -8974.71 5276.14 0.612593 4
-7282.13 -9577.52 6351.71 0.584732 1
5460.15 699.744 8233.05 0.658474 2
4592.47 -4761.68 9598.44 0.820837 3
783.128 -2796.39 -8131.12 1.20051 0
5479.36 -7899.44 -1470.28 0.919082 0
9490.4 7987.39 5777.6 0.915483 1
-1269.76 4536.28 9231.79 1.2759 3
5945.12 7562.7 4504.96 1.46945 4
4615.86 8438.76 -8813.35 0.757959 2
-8239.74 -102.97 8545.84 0.52702 1
-911.187 8137.53 -6322.18 0.614437 1
-3224.99 5364.88 -5370.22 1.08496 1
4403.8 4250.32 -6584.91 1.39169 4
6855.96 -1274.54 -1893.54 0.745472 1
6022.96 -1815.73 -9130.8 0.667533 1
9005.02 -2459.11 -2011.04 0.781212 2
5549.71 5387.7 -9259.88 0.414365 4
-5216.81 3181.55 -9759.53 0.766983 3
-2954.16 -2259.08 8124.41 1.28881 3
-1990.82 -8585.26 -2229.46 0.770965 2
6034 -240.204 9442.48 1.22633 0
-7812.74 2213.54 -2938.96 0.966607 2
-438.191 8746.46 -2723.91 1.10259 3
2980.76 5294.45 6296.64 0.674218 3
-8028.99 4030.48 288.804 0.236296 1
3371.34 -7626.89 4550.78 0.950184 0
8059.1 -1934.75 6757.59 0.948581 0
-5569.83 -7772.12 1537.03 0.923605 1
7675.3 7645.99 8833.75 0.702027 0
-4866.09 9308.31 8787.21 1.50011 1
642.572 -7875.27 4913.43 1.04695 0
8356.03 6076.56 7684.3 1.33683 1
5674.44 6449.39 6468.88 0.840848 0
4832.68 -4060.02 9745.43 0.435573 3
8749.22 2383.93 -4791.25 1.06259 0
-9816.98 5536.47 9339.22 0.851535 0
5505.34 -857.211 7868.91 0.504032 2
-2456.69 8111.67 -4672.67 0.880061 3
-4683.5 -4129.35 -8703.01 1.25119 0
5268.45 9065.19 -9385.71 0.945127 4
2267.53 8976.54 5014.05 1.42479 1
9646.19 -9881.94 1972.5 1.34911 1
4381.58 267.724 -5070.61 0.715299 1
3547.33 -1520.67 -6671.22 1.09772 1
-2054.72 8975.79 3071.26 0.956081 1
2877.47 -9789.66 6205.49 0.963157 1
-8514.05 5058.38 902.711 0.459136 0
-6558.33 -4789.82 -2056.6 0.200387 0
752.741 -2162.73 8292.67 0.890564 1
4239.51 6902.94 8118.89 1.0992 3
-6093.41 2641.43 -4460.21 0.960034 1
4215.97 -2359.95 7179.78 0.294655 2
-5172.47 5834.41 -3719.54 1.00189 1
8922.58 1758.24 -4310.18 0.961605 4
8846.75 -8223.11 2807.42 0.550423 1
-2444.75 1169.51 8105.46 1.13419 0
7900.39 5879.57 7177.94 0.63937 1
3699.74 -5147.75 -3466.88 1.38346 0
9634.14 5429.34 -6604.24 1.23613 2
-7363.15 6189.25 -3377.47 0.889341 1
2447.12 -5919.96 9199.44 0.315571 4
-2003.49 -5876.35 -9060.97 1.12812 1
-3777.7 -2155.67 780.431 0.276907 2
-3799.23 905.752 -6550.36 1.23066 0
585.534 8291.73 241.735 0.449449 1
8609.02 2817.25 7481.67 1.35469 0
-8434.96 -1432.13 3572.75 1.28727 1
9279.37 2978.34 3184.76 1.2818 1
2110.98 811.381 886.132 0.996317 4
-174.665 -8841.87 -2189.16 1.22153 4
-6578.89 -1027.25 -7898.81 0.690153 2
-1826.87 -2263.75 9279.14 1.14855 1
-6372.8 8278.85 -4773.94 0.298854 3
-134.622 4747.48 -2910.05 0.709556 3
5151.31 8213.5 4601.84 0.526411 3
-2280.82 5342.25 3590.13 0.997245 1
1140.27 -190.876 -8002.54 1.17555 0
-578.619 -1420 -9558.21 0.897156 2
7988.43 119.174 5499.73 1.26473 1
3892.63 -2214.73 -5283.61 1.3322 1
7520.92 6791.92 3590.54 1.32195 1
-1286.73 6538.67 -251.269 0.903812 0
4431.49 -6738.97 -902.183 1.44221 2
-928.988 -8310.59 5332.26 0.991594 1
4022.08 5351.91 3454.12 0.964339 0
-1248.79 -1128.6 5163.66 1.70986 2
-9082.27 5249.42 -1207.39 0.795849 0
9951.89 7568.98 4827.93 1.40265 1
-6127.09 4351.44 1845.3 1.2573 1
-9806.31 8604.15 6003.25 1.56279 0
-1026.34 8683.04 7699.03 1.29069 2
-9023.04 2748.92 3809.95 1.23454 1
4129.29 -9578.5 -5038.6 0.93507 1
992.006 -7512.21 -7882.65 1.067 2
4393.63 -5816.62 -7858.69 0.717721 0
6790.32 -588.965 4243.9 1.36547 4
3770.63 -1441.79 7529.41 1.005 1
-8786.25 -3692.94 -8533.82 0.781374 1
3568.17 -8292.84 -4149.69 0.840175 0
8539.03 3476.64 -5678.98 1.32319 0
-3640.21 9786.72 -2998.4 0.590409 3
-1770.05 -8269.35 9837.16 0.661167 1
-7902.75 -1846.13 -7390.41 1.63774 1
9275.64 -1952.88 8522.96 1.45851 1
-1139.62 7393.15 -9076.2 0.965153 1
3058.18 6633.21 3481.75 0.543725 3
-8578.21 1143.37 252.596 1.33229 0
-1962.16 -1001.37 8742.47 0.745493 1
9540.53 -1931.13 -2046.21 0.693992 2
-5029.52 3371.99 6944.14 0.913056 4
-7438.82 -1243.77 -857.264 0.440693 0
9433.45 -1760.45 -9243.92 1.33498 2
2682.04 -4378.27 4068.3 1.09287 3
5983.84 -3300.59 6332.82 0.840646 0
-8080.41 -1797.72 -4264.44 1.27484 1
5102.19 -4140.16 3320.4 0.654547 1
855.196 477.19 -3428.42 1.13726 0
7180.16 4285.09 -4760.21 1.1106 0
-3529.93 6256.27 -8969.02 1.6872 2
5498.46 -278.422 -5151.38 1.50259 0
2377.99 -7997.35 -9294.88 0.895528 0
1887.53 4019.57 -7167.27 0.994304 1
-382.342 4458.68 5607.87 1.13635 0
9266.12 8888.2 9015.2 0.938948 3
3839.31 1871.28 -5692.9 0.591079 3
3969.72 -2784.21 -8788.57 1.20031 2
9369.86 -7899.94 5851.02 0.82136 0
5492.07 4198.42 3734.81 0.671003 3
-2024.24 -9633.53 9551.68 0.45963 1
5550.55 5142.85 -6442.74 1.22971 1
-7290.37 7650.88 -5096.38 0.887041 1
-2919.98 -6057.12 2035.4 1.30151 3
5396.24 -7159.45 6671.38 0.885602 4
9038.75 6728.82 -8190.7 0.655725 3
586.324 -9028.51 2510.46 1.00177 3
9092.94 5668.86 -797.484 1.41505 3
7593.08 -2817.79 636.255 1.06617 2
-3485.08 -2504.31 8568.24 0.523619 1
1675.65 -6557.65 -9273.53 1.06049 3
-9191.59 -9011.73 -3969.06 0.436181 0
-8452.19 6101.95 1500.44 0.880657 3
441.043 -3750.27 -9115.23 0.800408 4
6589.61 -1951.79 460.099 1.35951 1
8043.59 5806.13 -8663.54 0.720781 2
-3051.87 8004.86 8479.47 0.942865 1
2733.15 -4321.13 -3567.47 1.5301 0
-8569.59 4737.7 -8599.88 1.71611 1
5341.02 103.875 186.342 1.26633 3
-4664.96 -9359.12 4795.76 0.59129 0
-6431.31 -6854.51 -1967.94 1.09642 1
-6807.43 -9968.61 5316.06 0.410253 3
-7446.23 -4110.36 7894.94 1.21322 2
-2759.98 -3940.39 2272.95 1.14741 0
-5771.45 -4998.97 9645.99 0.913442 0
3545.78 2278.71 1528.34 0.946982 2
5897.5 -4465.3 -536.096 1.22262 3
-8062.69 -8987.69 5267.58 1.04768 2
5965.24 1385.23 2740.5 1.0885 0
-6471.5 -5796.12 6096.3 1.18072 1
-399.161 820.457 -3002.55 1.02 0
1202.35 5215.64 -6966.79 0.83374 1
2386.57 -766.19 -8611.18 0.443982 3
-9526.08 277.222 9553.04 1.83577 2
-7282.47 1088.49 -5350.89 0.596067 3
2606.9 8368.32 -4682.17 1.1933 0
9073 2417.83 -3209.91 1.10937 1
-246.918 -1364.57 -7723.41 1.13063 2
-411.438 -8363.72 -8.74805 0.994794 4
-6740.8 -6820.56 -7274.25 0.79745 0
5746.09 -8489.71 9974.24 1.10588 0
2159.1 -8778.55 -9695.83 1.00735 0
-6319.3 8994.59 -1101.78 1.05184 3
-5945.79 1813.23 7614.16 0.80306 4
5239.37 1860.44 2167.25 0.881442 2
-1922.53 3926.41 833.893 0.997499 0
-6107.13 -8437.28 -8113.58 1.03656 1
-2674.69 582.729 8389.43 0.717787 1
785.425 2093.13 5305.11 0.984334 2
-9554.91 -8193.78 -9765.75 0.653684 4
8907.24 5923.85 -8792.1 1.43106 3
-280.525 3168.28 6936.9 1.08292 2
2494.42 -22.2041 -6709.81 1.42423 1
9469.84 -5900.5 -4947.41 1.03205 1
-8437.45 3235.93 5290.65 1.30658 4
2632.91 2630.4 -2413.59 0.855525 0
4108.44 -5778.7 9646.51 1.04455 1
3536.95 -8872.08 6187.14 1.29821 1
-7089.82 -2534.42 -3311.07 0.62542 1
-7349.89 765.299 9369.74 0.754506 0
-4178.72 7388.46 -4532.26 0.890096 0
-2279.32 -4688.46 -8131.16 0.847301 0
-9520.48 -3793.26 3953.39 0.998547 0
-4822.85 6750.87 7642.22 1.29101 3
6234.62 4488.51 -6528.67 0.730719 3
2369.24 7957.68 -402.407 0.764831 3
7492.46 -217.831 723.095 1.53198 1
-1271.08 14.7363 1196.65 0.190954 1
-3686.59 -4415.25 4993.27 0.977005 1
-4899.46 7442.07 129.492 1.45163 2
-1379.07 3587.75 4428.11 0.606121 1
-820.669 7268.42 2538.45 1.58465 1
122.702 -6387.95 6702.76 0.859768 0
8607.22 5957.35 59.8467 1.64711 4
8257.06 -2201.23 -8084.89 0.902216 0
2246.46 9987.25 5462.66 0.593916 0
8393.47 -2646.99 6873.07 1.16138 2
3446.67 8453.19 -2235.41 1.16529 1
2118.7 6351.31 -8904.81 1.25602 3
7697.13 -4457.05 1887.69 1.39462 1
-5386 2688.69 7367.71 0.569245 0
-8012.65 -3900.29 2487.21 0.964614 1
-1345.42 -7099.16 6973.74 1.05251 0
-7241.94 1883.71 -733.437 0.915803 1
2519.06 -768.697 3641.9 1.72648 2
8760.34 5824.69 -1868.59 1.37792 2
-2405.18 8036.87 1281.6 1.42721 2
3837.71 -3762.19 1223.76 1.23344 0
-8143.6 9220.12 4127.21 0.435546 1
1477.95 4918.59 -4995.77 1.37109 0
7266.48 4229.58 9837.6 0.921175 3
-2835.52 1019.35 -1505.18 0.710265 0
1987.5 -6842.38 -2666.17 1.09574 2
-5802.91 -8025.95 1257.95 1.83075 1
-1680.99 9776.52 5924.89 0.798596 2
3360.48 3184.84 8207.1 1.53562 0
-5151.68 2473.71 2917.86 1.01559 3
9997.14 6235.67 -2124.48 1.07183 2
-8816.31 1326.17 -5811.5 0.854404 2
-8228.49 -4512.3 1447.07 1.20931 4
-9244.63 -5440.58 9188.66 0.719321 3
9687.58 51.7686 -3200.3 0.814122 1
2825.96 8038.41 -940.564 0.836033 0
-9153.65 8372.94 9990.55 0.749741 1
-2096.86 -1122.15 4444.27 0.930443 0
-8993.62 3369.8 4009.6 1.12662 1
9673.65 -8214.7 -617.021 1.09042 1
-3696.87 -9119.4 -6704.26 0.894204 0
-1951.08 24.6631 -9457.59 0.557685 0
896.556 7523.92 6190.81 0.995038 1
8457.44 -2014.22 6418.27 0.74976 1
-692.646 1684.32 -361.96 0.713662 1
-7346.83 -6012.46 -6452.13 1.27823 1
8146.28 -8271.95 667.593 0.962264 0
-1818.32 5602.95 8363.07 1.02325 3
-4670.02 7542.22 -137.159 1.21503 1
890.077 -2428.21 -1084.53 1.01878 1
5740.33 -7305.22 -7021.92 0.530714 1
6823.95 -4739.1 -3736.95 0.89714 2
-5429.47 -4697.94 -6050.54 0.993201 0
2452.97 4852.41 -8804.48 0.794278 0
3415.61 -6020.86 -2923.17 1.22906 2
-8293.96 -5800.2 1228.4 0.962644 2
-1484.92 -9616.9 -1241.54 1.0698 0
-6718.73 -6517.36 5202.04 1.14497 4
-8986.01 6751.62 -6386.7 1.49106 0
9700.47 -9495.67 9386.91 1.36658 4
-7877.75 1871.74 -8144.43 0.515618 1
-8398.63 2949.37 4862.45 1.30126 1
9553.14 5234.96 -3803.5 1.10702 0
-4512.51 4540.49 7496.92 0.796959 3
-3452.69 -1548.79 -8218.95 1.28812 4
-7098.83 4617.41 9592.14 0.784207 2
-2596.78 4087.63 4744.9 0.875529 1
-9841.42 -4357.05 -7492.12 0.792807 4
3312.84 9446.39 6512.63 0.708056 1
9437.17 9207.97 -915.915 1.18761 0
137.744 -8438.08 5894.29 1.16874 0
681.4 6615.18 2585.89 0.601803 0
-1867.77 1098.67 987.242 1.60885 2
1188.6 8285.83 1135.24 0.672432 3
-855.11 6490.41 -121.047 1.23191 4
-2839.65 6558.86 -9364.54 0.288244 1
9454.01 -6342.39 -6047.41 1.55043 1
-8587.48 1585.72 1602.95 1.25244 1
-3475.05 6606.91 4514.91 1.24013 1
4175.9 6002.28 -7630.82 1.16087 4
-5634.66 6595.17 8823.11 1.50725 1
245.414 -4999.23 1870.56 1.202 1
-798.543 9069.18 984.449 1.13672 3
2169.39 -749.216 9716.59 0.95762 1
-5466.29 8324.9 -9935.61 0.910122 1
4415.27 -2431.43 8746.41 1.22167 2
-1479.48 -8963.86 9354.1 0.796481 1
-2476.67 1879.25 2044.5 1.06632 2
5083.07 -4745.13 6700.7 1.4234 0
3206.28 -4385.31 -5123.23 0.657348 1
5865.51 -296.432 -4532.18 1.04002 0
-2137.78 -9787.94 3179.53 1.5901 0
8394.11 6170.91 160.855 1.58369 0
1805.01 -4292.11 2641.35 0.925267 0
-4794.05 6497.22 1860.36 0.666004 1
