-115.496 445.8 422.317 47.6742 4
-695.127 668.959 408.284 43.5297 4
-138.158 -920.779 828.986 57.1213 4
225.251 -74.87 178.085 54.1488 4
-1597.77 -653.485 -422.945 49.8324 4
613.795 -756.622 -723.007 57.8719 4
-6.38441 -249.896 458.398 85.1383 4
-18.9805 209.454 145.303 103.121 1
-400.898 393.421 -792.915 67.6831 4
817.383 -599.277 51.8321 74.1708 1
143.902 -209.216 -448.9 75.3085 4
-521.049 -598.127 7.89888 25.2881 4
-98.3008 1222.54 -140.706 40.8455 4
-424.225 130.647 699.681 51.1648 4
-917.5 535.688 -571.035 22.7313 4
-406.822 105.108 -261.532 65.0032 1
-6.93016 185.316 -886.649 50.2831 1
-304.427 60.0383 -52.5211 67.2258 4
-210.524 -235.842 790.929 99.4636 4
-1043.36 1545.58 -49.1887 80.8319 1
641.072 -520.513 -1167.62 61.158 4
-497.7 -490.704 -442.66 92.5633 4
-849.457 1513.65 540.613 51.8482 4
180.248 605.655 -775.994 44.3494 4
-446.112 -448.632 85.7006 68.3034 4
-400.092 -505.972 -247.911 45.5027 4
1305.14 -124.383 986.107 67.3896 4
192.711 136.235 -666.082 65.7521 4
-519.801 -197.192 18.7994 49.55 4
453.732 -1394.55 373.475 46.9451 1
-866.824 148.633 -119.346 75.9559 4
909.68 -457.412 1695.91 22.524 4
385.452 760.363 364.13 52.2628 4
-189.397 -605.881 -168.043 87.8632 4
268.793 -843.204 992.99 37.9436 4
-1626.87 -578.843 960.528 71.0421 4
15.4547 -715.961 -425.635 78.7546 4
-1254.79 684.09 -182.355 73.6685 4
1086.4 -456.972 891.988 52.7966 4
264.452 12.514 -921.258 59.4413 4
1044.17 316.351 241.895 57.3649 4
-714.189 735.832 286.358 25.607 4
249.458 1026.6 4.96396 33.0808 4
143.64 384.44 457.906 74.139 4
-792.969 -436.565 -297.227 80.0423 4
1195.46 -449.081 -660.927 80.8833 4
356.862 -673.38 -1040.92 38.1964 4
67.8931 384.354 -338.813 74.7679 4
241.032 124.648 992.274 79.5248 4
-777.072 307.921 1757.31 42.9389 4
642.541 -775.39 -660.027 85.6576 1
-954.08 -324.37 -891.662 33.1465 4
851.265 -217.713 841.889 71.6563 4
127.256 -623.104 595.611 81.0555 1
236.036 163.667 -512.413 64.9163 4
886.275 -640.458 93.4435 82.1886 4
10.6732 -143.788 864.302 8.14856 4
24.7633 147.97 -205.278 71.0304 4
-265.755 -464.189 -688.645 71.5059 4
-566.161 341.819 718.431 61.4972 4
-347.575 197.897 74.1245 53.0832 4
-217.318 546.081 217.806 66.6569 4
-282.09 540.812 -599.402 37.0037 4
-1143.81 -1180.9 1135 74.9633 4
963.714 45.0649 802.332 24.0606 4
437.434 -542.978 61.4009 55.2594 4
-50.5684 330.297 230.115 26.5306 4
-626.506 -984.657 49.5713 79.9821 4
-278.167 833.908 613.174 89.1963 4
-867.993 451.09 -303.807 46.4539 4
-311.679 479.813 -198.323 43.9766 4
-85.2772 489.783 585.067 40.5473 4
54.7537 251.652 1851.31 61.0314 4
-488.808 -122.977 -535.769 45.5953 4
-951.822 -116.477 -631.692 64.5599 4
-719.5 180.11 -762.289 76.8955 4
16.1178 -432.906 377.363 58.9896 4
365.38 597.994 -10.7398 53.8465 4
1000.6 67.9471 1273.17 82.9666 4
-600.148 -759.311 -817.435 59.7254 4
19.6582 72.0129 104.493 72.9028 4
54.624 -38.2907 -522.449 78.4238 4
854.7 309.525 152.196 50.2197 4
-142.38 624.565 -134.203 50.3992 4
-524.247 -143.536 -327.931 53.3265 4
392.354 289.83 208.409 80.0014 4
-309.742 180.091 -144.825 37.2254 4
-886.512 124.739 713.382 105.206 4
530.829 547.598 113.366 57.9188 4
-286.427 1380.46 -444.37 103.491 4
-684.557 283.063 -829.141 86.8645 4
-282.798 403.069 38.3927 51.4342 4
-573.164 1071.6 43.9973 50.4198 4
-257.681 -229.113 697.062 46.5855 4
1170.1 1314.23 608.835 74.4111 4
-17.4968 53.4829 358.182 102.158 4
266.03 165.821 173.114 84.5576 4
95.5736 958.953 825.989 32.3143 4
1366.19 687.646 133.976 38.8951 4
44.769 133.92 -376.914 80.1054 4
-134.676 346.85 741.986 42.6571 4
608.53 -38.2305 623.229 47.1457 4
1067.66 -108.196 -683.141 93.6862 4
351.15 -333.03 474.031 42.9456 4
-126.93 343.438 -790.53 88.7338 4
-626.03 -1142.77 460.4 62.1442 4
-127.557 -507.145 586.828 45.4873 4
694.718 114.93 -188.196 66.065 4
310.586 -195.019 790.886 50.6367 4
-101.62 -289.62 -71.226 42.7452 4
-355.028 -800.048 -1420.89 20.0891 4
-765.343 -322.213 679.399 70.7468 4
128.346 514.718 859.999 79.2 4
49.0001 -507.465 -836.516 69.1403 4
-1197.22 -660.425 -825.194 68.5791 4
-774.589 470.059 -345.767 55.912 4
-664.064 -238.447 1168.22 64.3795 4
-87.2935 -796.689 544.492 39.6281 1
-521.519 -975.261 -87.2779 50.6956 4
631.181 87.599 -300.898 49.4218 4
135.296 -162.434 583.838 64.8764 4
21.4904 -580.11 -473.281 58.9125 1
351.356 -1223.09 -537.422 81.7602 4
-422.071 1295.16 -79.665 75.988 4
280.168 -461.173 -76.0701 43.524 4
-267.123 -73.8559 355.773 36.6747 4
-223.322 -24.3586 501.95 38.4026 4
207.39 -387.908 -27.7141 85.7946 4
-485.175 795.99 623.403 76.3864 4
-388.013 -669.308 -145.167 66.5166 4
362.71 -362.168 -552.053 47.8327 4
-317.119 -435.454 324.535 28.4608 4
-841.107 575.105 -352.387 53.7402 1
-152.188 377.355 -1908.46 92.9409 4
373.754 -181.429 841.322 42.7374 4
60.847 -501.95 344.576 41.7779 4
-392.626 -571.134 -1153.26 78.9889 4
73.0552 1442.51 -73.7613 59.3805 4
-250.823 1013.67 -1108.87 86.7911 1
18.6306 118.016 -740.709 63.3277 4
284.717 194.959 -812.831 37.0476 4
-1147.79 925.886 1002.71 19.9961 4
-174.443 -12.3663 365.572 39.2662 1
-261.883 -678.969 -320.391 99.8866 4
-610.572 1000.27 -1161.47 31.9787 4
-828.278 976.921 -282.792 57.5613 4
-51.7794 -632.266 -125.936 45.7715 4
976.359 92.2127 331.123 30.5911 4
839.194 -299.353 -232.862 71.1397 4
-573.316 -184.018 -209.127 36.7068 4
54.055 -480.235 33.5093 64.4011 4
-159.592 586.748 1326.23 49.2544 4
-293.206 -554.715 623.783 65.3909 4
-204.77 -444.125 -123.791 69.0077 4
-495.689 -743.169 190.999 72.6276 4
-407.717 -570.463 1464 29.0341 4
-16.0924 -275.008 25.3068 66.1861 4
901.52 317.97 -185.137 89.2018 4
-185.056 -26.3819 -587.635 42.6895 4
-864.538 -1105.44 688.056 46.0275 4
23.7768 740.658 -14.3199 49.1761 4
-301.05 425.871 -366.302 66.7887 1
69.6635 -108.9 -110.997 38.6291 4
1254.08 640.04 -26.6009 69.5002 4
638.739 962.974 -893.888 27.0037 4
657.978 -525.597 726.521 67.1926 4
-526.129 -96.5993 -95.4428 42.6112 4
250.696 -625.659 125.92 75.4339 4
229.52 521.704 387.021 46.1353 4
2.16021 762.72 -487.399 78.3243 4
824.724 -1191.37 198.986 27.5425 4
-261.43 829.254 188.774 36.2893 4
521.585 633.574 503.606 93.0236 4
-1060.8 141.053 -197.852 89.2444 4
235.198 914.636 435.512 53.2757 4
118.904 -368.83 648.475 49.2512 4
-661.507 -886.593 1026.63 66.5226 4
-1009.59 -49.0565 593.166 26.3329 4
281.731 596.064 -166.883 101.637 4
-92.5405 743.474 -580.202 70.4999 4
96.9642 480.983 849.206 94.8322 4
-27.201 -404.16 1267.43 63.9297 1
-121.069 -258.472 -621.812 64.6696 4
-1241.58 82.5537 504.103 55.7665 4
23.5007 109.22 -238.075 9.34666 4
-128.395 -298.524 -67.8398 52.8563 4
164.277 -463.811 1705.06 52.079 4
-676.105 -662.961 200.553 38.0381 4
-904.072 -590.87 -530.159 94.7654 4
-348.3 -239.195 424.439 42.2618 4
268.096 -824.264 396.026 56.8729 4
-440.72 -924.287 -325.982 51.6094 4
867.683 1279.88 654.625 -17.4433 4
-328.714 -1456.1 -413.701 102.901 4
385.461 609.26 -207.572 26.2271 4
-799.834 449.281 -365.482 47.1378 4
62.5366 1558.73 -1091.66 42.0569 4
-465.166 -491.896 344.508 70.4738 4
99.5834 513.942 -565.94 78.7506 1
1105.53 354.854 407.447 77.3485 4
-1101.72 -307.125 287.275 24.1977 4
743.835 -191.451 351.929 82.6861 4
-375.175 233.24 141.098 29.1843 4
-953.923 -68.0956 880.146 11.5847 4
391.987 -68.206 -1173.42 71.4814 4
-634.76 -64.2881 -1718.2 38.222 4
699.792 686.066 -303.33 52.0998 4
-527.292 490.635 -717.035 85.8941 1
301.651 -785.138 -232.334 39.572 4
174.304 -1047.66 -429.309 89.1035 4
1435.51 -229.162 -297.184 93.9868 4
-817.736 534.943 251.026 47.7919 4
968.881 1051.69 726.533 103.149 4
-79.9108 349.935 -226.424 53.2124 4
247.938 -1020.62 459.713 10.0365 1
455.336 658.915 -1437.12 30.2381 4
-154.274 72.1712 -763.508 70.9442 1
-302.732 140.595 -774.167 26.2161 4
-375.246 51.6597 -119.406 54.9477 4
379.419 -39.9419 -505.215 82.6882 4
-787.25 -836.779 -222.062 88.6396 4
-866.147 -207.596 680.001 52.5518 4
172.587 -666.682 -301.038 43.8202 1
-707.903 -544.972 1271.16 92.5384 1
-85.5963 20.6234 262.84 83.1334 4
-923.953 -700.776 574.776 53.8053 4
-152.668 68.2302 -378.049 67.5524 4
-591.169 801.29 -603.166 67.3832 4
-1087.74 451.548 84.5973 64.1454 4
535.552 108.221 390.735 57.4434 4
-471.489 -1194.41 -169.107 60.5757 4
-89.4705 1277.63 -465.025 6.41211 4
-952.598 627.443 322.195 47.2859 4
-376.645 977.594 214.936 55.6829 4
-75.9891 -335.985 272.842 65.9142 4
-1897.82 53.4487 45.0187 51.68 4
-75.3868 101.884 -1029.89 56.0395 4
-95.7081 -374.743 361.762 99.0836 4
-1014.08 -213.447 744.199 43.9977 4
-497.767 -356.013 -946.044 14.476 4
676.959 -222.369 186.762 37.235 4
610.293 -25.5959 28.2353 75.7648 4
-273.314 70.7305 -8.07122 75.899 4
301.784 934.522 -473.965 47.469 4
366.974 653.974 435.838 51.6915 4
1081.48 -518.665 -189.51 33.888 4
-467.502 -956.387 24.9942 62.1846 4
175.169 550.48 498.059 17.2963 4
245.273 -36.3237 779.442 56.3555 1
-441.583 -347.674 450.662 80.864 4
-308.225 369.133 -579.381 63.7728 4
-250.32 1860.39 -1076.06 22.5913 4
-73.2081 206.256 -365.358 21.944 4
-60.3802 336.631 198.588 65.0756 4
595.664 -411.357 951.543 39.1542 4
-785.547 -485.175 -655.766 60.392 1
394.186 -333.979 -568.15 71.4556 4
-309.945 -1009.8 713.294 92.3741 4
495.974 138.967 -897.416 71.0317 4
-358.787 -516.542 -123.434 66.0139 4
112.688 -38.3582 -807.003 86.2817 1
-846.329 372.274 -282.537 62.1857 4
-419.819 252.571 1014.71 39.0375 4
355.642 115.475 1405.94 114.674 4
-660.239 1007.65 -267.64 97.6208 4
8.62455 -565.027 612.979 62.3828 4
-401.553 1189.88 -763.029 77.8803 4
-296.675 9.10606 450.104 65.2073 4
-986.463 64.472 261.538 76.6863 4
579.178 195.94 -149.886 82.6742 4
-1037.87 100.689 1142.93 50.0415 4
-754.275 854.428 -47.8691 57.4917 4
347.269 -344.166 470.723 53.2634 4
-583.771 -664.419 -959.742 59.7783 4
519.921 1210.02 -1355.96 31.5079 4
-78.3828 595.907 728.868 55.2415 4
-505.802 19.9857 607.041 89.06 4
-1098.97 579.632 -144.413 60.4682 1
-658.012 -415.536 3.729 47.2365 1
-105.011 841.744 708.227 34.7108 4
450.008 -228.96 386.361 57.5831 4
-551.745 170.096 1556.7 86.7957 4
972.047 186.639 1012.61 60.2617 4
-44.506 -2.95128 -634.726 38.7469 4
944.38 87.2958 -803.859 58.5212 4
-392.444 -292.098 -472.995 90.7242 4
966.632 -1106.2 -309.946 24.7264 4
-51.4188 -217.308 110.247 60.0905 4
53.8579 499.449 -272.472 61.685 4
543.034 -406.293 188.39 57.7926 4
-629.269 34.8562 109.676 43.7119 4
887.325 -735.842 -83.3109 46.8895 4
345.824 318.897 -250.933 78.6132 4
-248.65 715.725 154.461 56.9692 4
498.497 704.601 373.164 60.8955 4
-254.691 -369.437 122.504 64.4083 4
-758.103 198.245 -17.5019 3.40391 4
447.127 -303.176 1216.85 82.8237 4
-789.325 219.776 -239.252 71.2856 4
-398.392 -278.218 24.5602 69.2262 4
3.26379 -633.597 277.604 72.9989 4
784.68 656.261 794.996 39.2015 4
-1106.45 -546.988 -176.313 85.0071 4
-819.029 49.9218 -801.682 71.6119 4
287.128 345.852 246.276 28.9123 4
-211.919 605.722 -462.745 28.0763 4
136.058 282.178 177.819 69.5507 4
-541.486 -1424.77 120.811 65.7425 4
821.009 -633.439 -674.453 48.17 4
375.244 -622.835 622.072 75.7614 4
-395.167 -472.51 -712.293 93.9607 4
98.3126 -376.123 454.559 65.4038 1
287.412 1337.35 -117.522 53.3407 4
-1129.37 -194.204 -149.235 62.0891 4
-344.26 39.3852 -707.941 46.9499 4
784.321 -258.1 -330.964 25.2483 4
-136.453 1713.58 163.346 68.6068 4
-90.6193 -369.106 -88.4009 61.9109 4
275.74 -153.109 -477.29 60.8174 1
-703.813 -339.477 213.175 46.8545 4
-1145.51 303.705 -1026.68 38.3082 1
-547.757 -288.827 -90.007 76.8216 4
507.801 433.695 1001.91 58.5345 4
-89.6817 414.938 -687.734 59.2834 4
1396.5 -357.619 -253.843 47.5513 4
-1019.38 -653.91 -531.549 98.5901 4
717.959 461.81 -329.031 59.861 4
480.802 757.164 273.392 33.919 4
622.168 336.039 -77.7844 52.5272 4
-988.589 328.863 1070.33 55.7637 4
338.417 326.716 572.286 101.335 4
388.211 -482.69 -633.066 75.0596 4
752.202 885.865 196.837 58.2789 4
366.821 170.887 154.112 83.739 4
-39.1742 -95.1896 373.88 67.5234 4
-57.6498 152.67 -41.0608 52.5933 4
948.967 590.053 -285.119 58.5907 4
77.8425 761.301 -888.742 72.8236 4
928.753 -271.575 -720.135 74.7201 4
-113.74 264.605 625.779 66.3977 4
-345.912 -602.776 -409.772 80.3613 4
321.781 674.205 1502.05 62.0886 4
555.793 1169.15 238.072 68.5642 4
-290.175 97.7554 -385.076 44.9336 4
-60.0929 -142.221 -16.6803 83.303 4
509.751 -196.555 141.988 93.8825 4
407.965 -87.2791 775.432 43.7216 4
692.792 539.455 -129.012 98.2282 4
368.596 1249.64 617.626 60.5056 4
77.2134 382.697 -462.893 60.3271 4
561.857 -850.296 -330.124 86.7732 4
-1368.88 -263.805 -410.362 41.1918 1
798.78 -694.395 170.549 53.2017 4
413.915 78.8843 106.675 50.7032 4
-663.216 87.1102 -508.32 33.6731 4
140.359 -42.8581 723.26 30.9346 4
751.19 -547.707 350.669 47.0098 4
-444.698 249.498 93.8403 64.0337 4
672.07 463.381 768.022 50.9016 4
-50.964 520.552 -392.44 74.1853 4
969.154 -608.59 -610.546 89.2521 1
-149.684 -824.461 230.569 68.5913 4
166.386 410.47 31.1477 33.5121 4
-136.452 -470.247 402.252 73.1014 4
908.703 -512.014 225.625 19.8345 4
1035.38 668.038 66.0272 36.5217 1
656.658 259.764 978.26 36.638 4
613.703 715.43 697.974 66.6863 4
-467.121 -530.468 50.7463 46.585 1
-470.811 -1150.63 -99.9837 108.32 4
489.789 -1358.02 525.892 102.583 4
156.748 -707.451 -831.512 67.4873 4
216.329 593.424 781.601 29.6744 4
-563.07 288.649 -126.921 57.4548 4
277.559 583.468 800.299 40.7191 4
1861.34 1009.03 -249.518 63.356 4
-1052.11 689.245 13.857 56.6813 4
-849.244 703.36 90.5171 74.5756 4
-100.478 -390.958 -343.996 39.3912 4
962.194 -571.705 -465.545 86.404 4
79.1259 -360.839 -738.76 59.2545 4
48.5353 -367.229 755.94 63.1609 4
911.402 526.43 -270.429 98.0021 4
246.098 220.808 21.347 66.3556 4
-293.534 243.8 468.022 63.4197 4
-436.643 -32.3191 -490.788 43.1221 4
1149.59 223.471 2.1932 49.1496 4
257.472 212.925 511.578 65.1963 4
-14.0856 -544.37 -367.447 62.5918 4
-79.6015 106.486 559.656 89.1732 4
873.608 250.937 -819.014 36.6737 4
26.4633 354.566 374.319 58.9081 1
756.674 155.729 -780.888 40.2577 4
-695.222 -294.384 458.053 76.9217 4
655.576 -1532.22 -825.542 27.2871 4
-897.288 -264.9 -491.839 100.196 4
888.34 -64.9081 -851.481 64.9496 4
-184.108 -504.21 -654.65 97.1545 4
768.891 -428.394 -700.883 57.3807 4
150.023 423.12 661.067 46.2052 4
567.43 -597.744 158.649 68.8126 4
-381.476 -1187.01 35.2682 51.8782 1
64.1705 494.792 291.581 56.376 4
694.671 -85.8466 987.019 58.3918 4
-197.189 -696.272 47.8918 36.6655 1
-294.746 69.3616 -43.2576 75.4699 4
92.5614 -613.227 -487.371 96.6544 4
-434.124 -207.175 -1241.57 74.1693 4
-899.396 8.11845 100.992 27.5601 4
160.53 576.84 -248.046 73.4124 4
728.253 -1093.07 309.622 62.3917 4
1527.57 -1364.7 233.22 53.5291 4
222.114 33.1187 472.448 31.4642 4
-157.08 -775.717 -1462.74 77.0797 1
-495.004 -18.7313 -525.617 43.3898 4
-593.329 -527.036 551.211 11.1946 4
739.427 403.19 296.047 33.0868 4
651.376 104.422 448.382 30.7231 4
-149.138 438.946 -342.584 30.5622 4
-386.181 26.9598 -349.638 77.8768 4
-36.6003 -210.728 924.093 117.748 4
366.347 174.489 -158.109 75.7113 4
-222.587 117.447 766.681 95.1308 4
-167.441 104.418 144.641 37.9742 4
544.531 479.25 -101.922 59.2821 4
1209.41 36.2121 -257.797 75.6607 4
-338.694 -598.016 346.59 103.155 4
301.539 119.86 -564.567 62.1245 4
4.80509 767.128 -168.257 39.613 4
139.658 -404.653 251.013 73.56 4
349.233 -343.199 1142.89 105.784 4
-384.159 1655.67 -1049.41 17.993 4
240.049 86.8474 518.37 61.6808 4
-422.887 -20.9409 -756.915 65.0794 4
-121.729 -567.892 707.129 53.5151 4
1050.27 23.6917 92.5566 47.9038 4
519.603 1032.45 -548.501 58.2834 4
763.512 -84.8299 845.639 54.6059 4
-26.9645 -389.188 -507.338 62.8216 4
116.231 821.314 456.317 84.7298 1
148.127 598.994 -1057.42 93.2559 4
-553.505 10.6003 -38.8562 76.848 4
-197.116 103.52 814.286 48.6996 4
-33.3906 -544.461 -104.439 87.2229 4
-323.175 -90.504 -196.754 76.6752 4
953.508 307.646 -335.741 57.3041 4
250.551 102.691 381.512 72.0448 4
215.492 -79.6637 591.206 68.4237 4
479.957 -80.631 532.905 69.1149 4
27.8606 -138.383 1144.7 52.7567 4
-543.553 1493.12 -389.662 73.3346 4
-59.8829 -37.6513 392.852 54.1189 4
-715.637 423.319 -4.11943 47.0898 1
-95.5305 -542.868 69.1055 62.1576 4
27.9325 -445.278 824.131 50.1018 1
-418.556 -748.231 13.5756 25.414 4
504.755 470.579 -359.771 61.6003 4
-725.273 326.291 378.256 53.1111 4
-218.616 -60.5222 360.162 48.9157 4
498.302 1947.9 1055.65 46.9536 1
183.943 17.7169 424.955 48.946 4
-92.3989 280.115 663.265 57.8227 4
433.772 487.028 -1141.17 62.7211 4
-246.256 -277.357 566.01 83.7032 4
198.202 208.688 271.126 16.272 4
-1236.8 111.035 -1186.31 46.3148 4
-788.319 -204.189 513.165 49.6217 1
-421.896 -431.719 -682.281 65.0592 4
436.73 3.84969 -455.584 34.3817 1
148.301 344.142 355.879 47.2733 1
-754.873 -834.098 520.906 53.7073 4
-359.695 -1068.45 -257.129 69.3976 4
-299.542 534.407 311.478 48.561 1
123.421 213.023 -125.058 32.3445 4
280.126 43.2587 -414.494 49.0453 4
-291.728 125.014 794.763 51.9667 4
-98.196 -457.85 69.1796 50.5059 4
490.232 484.583 -557.608 73.7586 4
-224.919 -144.878 489.575 76.2498 4
832.807 190.376 -189.752 63.8451 4
672.515 -299.623 -642.051 62.9519 4
978.165 22.2842 -288.793 40.3923 4
235.042 657.026 637.251 42.4459 4
932.154 -799.029 18.0117 70.092 4
-378.421 480.148 429.37 65.2812 4
-484.695 100.664 -718.976 60.137 1
678.698 -41.0001 -63.871 68.7096 4
26.0362 -154.805 -816.812 37.3923 4
-934.163 -559.034 -414.96 47.1341 4
640.867 -521.254 282.085 99.3943 4
-396.073 600.297 -473.7 80.2625 4
178.395 -155.404 -446.483 59.0195 4
-95.615 816.96 848.982 54.1575 4
-484.248 330.5 69.2117 65.9538 4
1473 372.549 -1100.27 29.8176 4
78.3237 -894.621 302.637 58.0378 4
74.2222 -404.109 -667.993 37.521 4
-1.0205 -130.669 246.5 42.6587 4
131.473 663.617 -464.534 79.2371 4
680.183 -390.533 -154.056 65.0504 4
-411.942 210.216 -16.4418 43.0661 4
38.3845 -361.885 -1061.96 50.7242 4
-851.849 1105.59 87.4612 62.1179 4
237.798 -223.391 -206.564 22.0054 4
677.481 -965.575 -67.2456 95.4774 4
363.987 -980.668 402.857 54.3241 4
684.546 312.996 -158.803 44.2537 4
238.067 500.878 -31.8349 62.0827 4
-496.258 1510.37 346.471 58.5922 4
114.393 62.8515 6.24837 80.9161 4
455.48 -347.462 -86.8296 15.4236 4
-15.0636 -913.798 583.701 42.6113 4
229.346 -1264.59 -928.859 113.698 4
-219.061 98.7649 1267.72 41.7118 4
-802.801 -62.2931 -1019.85 64.5234 4
322.992 -183.505 -556.059 54.789 4
-873.642 -950.646 -254.874 61.0742 4
422.124 -4.35398 75.9042 50.5812 4
247.603 1044.81 204.648 76.8049 4
939.761 169.483 791.056 54.5718 4
215.188 -1653.9 -443.441 82.9437 4
-1026.86 388.766 177.796 54.3176 4
1070.18 -559.489 200.821 45.4377 4
-748.818 -683.978 177.471 69.4275 4
-70.777 -93.7214 1586.39 66.9099 4
-1031.23 391.967 123.621 59.3931 4
399.716 -1095.27 59.3329 56.3761 4
-484.449 -587.901 -1451.9 99.4331 4
277.804 -193.179 1517.67 71.352 4
-414.703 -276.281 -508.406 38.0025 4
-218.946 -741.726 -594.529 63.6602 4
-56.6478 -236.398 163.972 55.6517 4
664.433 1321.75 1264.89 36.354 4
855.842 -106.909 577.947 20.9161 4
413.872 371.274 -90.5554 58.9621 4
-119.694 -344.16 839.3 62.5825 4
154.36 -188.998 -494.022 50.9028 4
-1100.34 -822.913 -254.847 64.7903 4
-81.3312 -773.557 148.434 91.9459 4
-457.543 466.589 -1548.5 25.4677 4
-285.7 -74.7786 903.521 84.3319 4
401.829 209.38 -885.966 74.1605 4
225.908 242.004 -724.653 71.1919 4
25.7769 245.533 872.411 63.8983 4
326.996 -509.403 1158.76 104.553 4
-269.036 188.883 108.672 69.7807 4
989.447 1045.43 -916.795 60.7002 1
277.519 -92.306 517.231 49.6403 4
-410.627 41.0441 1261.73 36.7919 4
-928.13 -650.109 94.3781 17.4423 4
-510.781 -405.526 -230.074 39.496 4
226.644 46.7837 -487.634 58.0082 4
29.7129 855.824 -338.816 76.3812 4
743.017 -863.943 648.881 67.8202 4
162.102 -773.804 -457.632 90.8442 4
-900.935 -906.397 265.701 24.1322 4
-567.927 -558.164 -58.2033 38.68 4
488.082 268.902 711.04 65.5986 1
457.695 -942.143 -189.932 83.7756 4
856.671 135.178 1161.19 60.0757 1
449.411 -262.196 -29.3687 47.3585 4
-586.811 562.738 90.9509 67.1979 4
1145.39 -322.129 618.714 38.9764 4
-366.69 -1022.59 -175.962 65.8839 4
16.3262 847.554 -486.523 75.0405 4
172.994 925.25 251.501 33.2998 4
-429.022 -574.721 409.706 41.4631 4
-158.261 -657.843 523.89 56.1246 4
456.262 -720.5 -532.469 52.3909 4
98.395 235.607 481.964 63.0982 4
55.2449 80.9075 -1140.98 35.4745 4
-288.475 553.15 -378.138 62.675 4
675.62 831.228 796.027 109.288 4
-15.2809 -116.823 -1126.06 53.3737 4
-219.386 1333.48 -338.703 59.2347 4
-20.7736 482.307 -530.655 48.7564 4
-267.528 -338.338 -566.302 65.0768 4
686.854 -779.966 152.217 68.6578 4
-435.194 -133.363 -3.14039 28.082 4
-638.783 948.689 521.711 76.1483 4
145.611 -462.236 118.591 44.3231 4
411.314 588.066 -127.5 64.3141 4
603.667 140.957 441.8 57.5509 4
-45.7888 -834.434 699.211 32.5109 4
58.5225 -156.325 599.322 62.1555 4
203.454 -326.502 444.556 76.0463 4
131.996 161.907 752.853 14.6688 4
-675.731 -785.626 -209.81 51.0091 4
-982.429 485.228 -301.602 104.809 1
-217.741 -513.972 85.6447 84.3702 4
-1149.23 -773.958 -140.918 34.3213 4
493.74 -403.122 309.198 48.3522 4
-1032.58 -261.343 -447.175 33.0703 4
1419.18 -30.9621 683.114 34.1901 4
884.428 165.823 -351.022 50.1418 1
238.133 69.4716 -1156.37 73.3968 4
1079.96 -518.793 832.958 17.3809 4
77.2884 368.867 341.533 43.4395 1
448.409 -75.8435 -1119.94 67.2872 4
25.5636 -425.394 299.276 87.7375 4
213.897 224.769 -27.8617 46.5078 4
238.973 118.568 -226.309 61.5716 4
-298.158 528.17 -89.1158 32.1498 4
-916.461 203.74 964.149 56.1486 4
-871.083 -644.454 -141.2 45.8592 4
-790.299 -1383.54 360.102 71.6103 4
631.563 -48.0914 746.884 21.9091 4
318.719 -82.6648 -369.888 49.1592 4
858.932 -314.632 321.966 65.138 4
-1018.09 13.5908 170.162 106.076 4
-116.23 -336.813 -30.1036 78.0376 4
410.935 331.798 -609.155 59.1794 4
-485.051 273.065 136.646 61.4098 4
146.334 354.88 -402.373 58.2038 4
254.047 -83.2386 405.043 53.1049 4
568.204 628.353 -107.893 73.7989 4
182.28 523.988 433.016 109.697 4
-495.411 774.559 93.1537 47.6326 4
-40.4101 297.846 574.966 53.7647 1
-646.482 111.906 392.096 72.1185 4
-114.744 226.087 -504.342 6.67245 4
-27.5718 -806.376 800.188 70.0356 1
-971.556 -520.562 1140.18 40.0203 4
-534.366 -428.132 -679.363 26.0608 4
-730.18 -307.454 -318.59 43.3368 4
-16.9781 563.595 -843.13 53.2335 4
231.57 -258.132 124.666 92.1613 4
1385.52 -8.05199 0.176813 77.3053 4
279.274 -125.132 -1101.77 91.4446 4
1822.46 305.871 313.863 57.8293 4
-909.255 536.627 -0.691238 64.855 4
-313.607 499.08 -681.433 57.2185 4
877.734 353.229 -296.584 81.265 4
125.902 -222.281 -990.49 37.3951 4
496.209 -906.015 675.143 73.2957 4
-603.275 246.304 -121.519 78.8331 4
-341.996 -113.895 -120.388 100.661 1
87.6997 160.552 1022.26 70.4526 4
-107.08 352.267 427.786 73.0775 4
770.232 -1167.85 -419.732 65.7622 4
128.911 75.8342 -304.235 87.7361 4
-151.978 -673.514 978.643 55.997 4
-1069.28 -5.88296 -169.993 97.5191 4
916.782 -686.53 680.777 34.4028 4
-85.1839 205.3 -3.63237 46.0126 1
245.366 296.736 547.604 77.2223 4
39.4494 329.136 -1480.33 79.2097 4
625.75 -213.248 1149.58 47.8295 4
-549.3 -207.325 988.148 59.2435 4
-679.514 -1208.77 -774.251 91.2901 4
182.274 -469.375 116.979 10.2327 4
-247.376 -170.429 373.417 83.436 4
-318.525 644.689 -530.353 73.3054 4
-863.732 1320.07 -155.037 57.885 4
-710.757 -407.26 5.86176 51.0829 4
-176.24 192.477 -378.194 23.459 4
1048.57 -341.753 243.431 36.47 4
-453.022 774.66 264.084 54.597 4
-522.379 -768.498 -1309.52 75.3586 4
-790.087 -70.0013 524.001 77.0925 4
150.548 -19.5908 512.248 92.0642 4
1378.41 153.765 -1597.3 59.973 4
-223.481 -1429.35 170.028 68.0811 4
-9.58939 -743.038 134.318 61.6932 4
360.686 956.422 71.6142 71.42 4
1.36178 22.8826 -530.395 115.917 4
-181.583 688.814 -47.8744 41.9429 1
144.523 281.955 900.115 76.0808 4
68.724 -561.051 287.826 48.5486 4
70.5022 230.681 -1111.27 55.7935 4
-179.358 507.219 114.64 59.7332 4
-827.41 -568.339 -219.372 69.089 4
583.432 290.744 -398.142 69.1945 4
9.90421 60.1227 285.464 79.2309 4
-500.394 4.95501 273.799 50.305 1
659.833 -232.511 -1219.44 48.6992 4
546.087 511.02 980.385 29.8603 4
608.537 -786.987 -120.813 91.9715 4
-490.158 -538.335 144.712 87.1902 1
-308.911 458.072 -1030.99 67.7016 4
364.036 787.16 411.415 72.0681 4
-96.0495 -254.393 758.613 66.2438 4
25.1757 -711.286 657.459 31.8607 4
-403.95 -927.508 734.201 73.3387 1
866.902 -332.859 241.087 42.344 4
-555.288 387.666 277.633 83.5833 1
663.683 13.7283 542.291 67.5171 4
487.258 -162.675 165.323 62.0538 1
38.5588 168.745 637.706 25.1257 4
-492.557 -214.781 -472.42 63.2083 4
-105.076 1002.16 1077.26 34.1939 4
-221.027 73.4712 -466.292 43.4159 4
-654.619 138.046 310.265 54.8436 4
33.5598 632.014 319.762 76.3662 4
-19.5458 -69.0841 -396.822 37.0969 1
265.238 -508.324 -395.705 79.548 4
-449.129 -126.843 -118.602 75.2162 4
1196.62 193.629 -505.13 63.1221 4
-766.877 -404.128 -513.621 50.8397 1
369.132 -588.776 195.853 70.3662 4
300.477 -398.948 983.941 79.2984 4
992.419 -116.165 502.149 61.5615 4
1085.13 27.4542 -690.038 42.7144 4
-460.823 293.635 12.5803 24.737 4
-576.824 -517.409 501.242 59.4768 4
-354.078 174.904 -325.477 60.7037 4
94.5589 -1126.92 727.771 44.7846 4
-344.212 -651.22 571.021 70.4101 4
922.692 -25.359 -372.232 23.8397 4
434.762 1610.18 476.145 26.7047 1
-143.367 -253.682 -400.511 23.7397 4
589.91 -98.9042 -60.9633 42.2799 4
211.673 1147.59 -409.433 76.7952 4
-275.223 -19.8854 -526.633 67.2433 4
-193.214 358.14 307.986 81.2114 4
535.894 680.983 -261.051 96.8134 4
-195.445 -330.974 5.86432 66.554 4
98.4084 511.204 -853.936 89.6345 4
72.1076 1209.72 303.446 38.2221 4
285.358 -893.878 -413.021 45.3354 4
174.46 683.705 23.1649 66.6374 4
373.35 -496.439 -723.963 51.2135 4
144.915 1090.68 423.157 75.3138 4
1484.04 784.134 18.1467 88.3094 4
532.538 -864.788 339.178 56.2285 4
430.129 -302.326 -1049.21 59.0154 4
-146.126 -1363.21 -1401.79 29.3917 4
316.763 440.212 -992.256 63.4195 4
571.42 684.86 235.505 41.5322 1
-883.625 1245.89 362.061 73.8174 4
-479.795 425.973 -434.991 56.9764 4
-1010.94 -1482.06 -373.051 81.4696 4
936.411 859.529 -1115.49 16.147 4
62.1956 -149.086 -555.425 9.51615 4
1558.13 284.343 -542.235 64.4607 4
1052.01 -1129.87 176.998 65.1721 4
1654.13 -287.805 -56.374 29.1942 4
-664.347 -715.094 533.734 87.2487 4
-45.5381 117.815 -110.917 42.3554 4
-77.5402 255.944 529.587 47.5564 4
-391.187 -977.256 1394.88 70.5882 4
-215.921 282.075 -34.0109 34.41 4
-1682.18 -429.269 551.621 57.944 4
684.949 -351.13 504.873 25.6321 4
235.053 286.578 -271.968 68.8468 4
5.14538 -718.002 -471.003 35.8028 1
-620.502 -546.242 283.531 68.6849 4
549.681 -478.278 -127.999 92.0882 4
611.791 -772.454 139.219 40.873 4
-110.232 874.262 -389.372 48.1221 4
303.155 -368.286 -98.6217 56.0173 4
-659.789 -244.608 -287.637 45.3464 4
361.956 1510.92 1104.49 71.8426 4
117.659 161.107 97.4028 69.7453 4
-1786.52 386.496 -436.789 53.3618 4
-607.602 494.39 -1318.24 41.9036 4
98.9634 485.23 176.243 35.5367 4
-1328.86 -158.577 -30.9669 81.9383 1
-521.67 388.2 -1119.62 70.4265 4
-756.33 -174.324 -1397.37 46.452 4
-171.468 113.905 917.997 65.5115 4
377.413 -694.714 -494.867 83.843 4
-1066.59 -52.8017 -598.772 54.867 4
-663.4 392.385 -673.71 72.7041 4
393.886 -686.922 -286.35 83.4101 4
693.719 889.139 -343.274 65.5615 4
-59.499 -112.538 -436.094 22.4 4
-1016.99 -241.145 -79.7943 100.665 4
27.9414 63.4416 1417.93 41.816 4
237.556 109.53 612.415 28.6827 4
973.944 -27.369 665.532 83.8635 4
544.303 -887.684 -238.203 44.1295 1
1017.5 -301.476 -49.0289 65.6431 4
356.39 275.207 -253.15 59.3115 4
189.028 -53.7758 787.611 67.5175 4
189.599 127.283 -1014.66 64.9087 4
-166.399 -316.616 274.458 72.0774 1
-894.331 770.288 181.283 72.6256 4
-532.058 -1098.45 -113.689 48.6768 4
1058.02 339.962 -872.552 45.9639 4
-1063.56 -842.236 -37.6149 87.5266 4
-850.839 360.563 430.184 60.1299 4
-179.725 -233.474 -143.92 88.9448 4
-54.201 207.171 -289.404 45.702 4
-358.775 275.214 -1856 47.0718 4
84.1586 195.965 -202.944 84.3866 4
-198.205 -350.026 -987.876 63.703 4
-202.783 116.546 -759.883 45.7577 4
1205.52 697.456 -737.28 67.8093 4
-8.53457 253.634 -220.375 99.2445 4
-536.569 -320.033 1186.29 58.3796 4
231.518 -189.253 96.5522 60.3738 4
387.831 -1004.89 1368.88 73.6377 4
481.468 -194.445 1108.78 45.421 4
37.6252 -15.127 807.407 62.5965 4
760.669 -327.572 253.423 40.8162 4
162.542 502.824 -646.534 60.5184 4
-659.671 863.151 223.792 58.2425 4
-1312.61 -357.506 415.011 40.6711 4
-554.794 -12.0867 -149.854 73.9647 4
-262.554 -1556.18 459.216 85.561 4
-177.37 92.6997 352.551 92.6648 4
-555.418 454.894 955.673 33.9296 4
468.744 -154.311 -418.539 53.8258 1
535.379 -1144.9 168.355 74.4338 4
600.585 -553.018 553.909 48.8396 4
-234.551 95.7361 463.139 85.4852 4
-694.659 -748.881 736.698 69.6673 4
226.094 394.782 -276.901 69.7685 4
292.215 -611.765 -98.8992 64.0934 4
1132.88 209.629 -233.338 91.2653 4
-920.329 -72.6047 279.187 60.9192 4
-61.6931 145.734 420.636 49.8545 4
-206.083 360.253 -223.783 105.606 4
280.427 108.43 127.142 52.7737 4
-477.75 -217.755 329.623 54.5591 4
-640.167 -486.538 -369.873 78.5531 4
-487.904 810.634 334.768 60.817 4
676.062 -502.555 510.079 72.8151 4
-215.068 221.126 1139.73 49.79 4
235.507 218.771 -894.564 62.2517 4
-279.5 -82.2652 -541.816 68.711 4
582.331 330.855 -5.13885 80.004 4
-1021.79 733.601 -453.575 37.9759 4
872.766 399.343 781.602 83.2828 4
269.933 1165.56 767.149 87.1602 4
-70.3634 -279.44 737.165 110.036 4
-169.09 -353.54 94.6609 58.7107 4
-851.536 238.881 553.285 52.5017 4
635.042 242.089 278.506 102.763 4
535.231 112.113 7.70319 66.6161 4
-373.709 1628.77 804.584 86.9513 4
-384.992 622.312 465.95 110.448 4
-884.315 1072.22 60.3048 48.6344 4
407.032 1338.16 -263.236 104.096 4
-83.6663 259.538 588.935 16.0573 4
-354.581 -796.786 216.783 63.4804 4
507.713 746.706 555.975 28.9826 4
363.683 339.252 -358.948 48.1333 4
606.792 -999.032 482.923 20.5007 4
-857.803 221.065 226.977 48.0299 4
186.633 -19.2796 -813.463 83.6163 1
904.343 494.763 295.174 53.127 4
226.284 -145.316 -368.454 49.0886 4
-457.743 -593.072 -188.656 64.505 4
430.814 -52.7713 -675.22 46.9545 1
-553.452 129.806 830.339 82.5664 4
-510.637 -119.04 385.986 94.0979 4
1429.76 93.5993 -109.248 35.5725 4
510.65 405.363 -1033.89 96.5456 4
240.457 -11.454 591.328 37.8112 4
1175.46 -191.029 -251.701 43.3384 4
777.031 -1190.69 -1775.5 63.298 4
-364.303 -550.701 27.5541 55.8093 4
105.135 -335.619 -1129.24 71.7095 4
-228.052 75.2291 -384.881 58.2527 4
755.561 -1386.45 331.249 49.3948 1
-409.153 -856.952 -87.0307 24.0916 4
150.901 675.096 -109.306 43.5317 4
-1616.21 210.044 1355.36 86.7109 1
765.703 103.838 155.14 48.3985 4
624.809 236.552 264.151 59.3879 4
-183.809 401.495 -1026.09 38.6057 4
1281 135.009 -647.117 96.0735 4
-698.156 251.03 970.379 64.9163 4
340.952 -467.858 227.126 73.8257 4
202.519 531.846 502.729 95.2898 4
-1082.21 -1423.23 -978.631 46.863 1
-601.92 236.879 269.497 54.8638 4
-169.698 -1413.91 157.807 46.1283 4
-10.941 -739.928 -354.29 72.3883 4
-354.791 334.729 336.613 56.626 4
-456.349 -660.839 371.092 66.0026 4
416.003 490.038 311.655 56.8565 4
-576.113 456.592 -159.227 25.7502 4
-446.771 956.677 -534.334 80.5278 4
169.551 -969.895 198.675 54.9967 4
-34.234 123.648 -569.194 61.1409 4
98.4818 -165.247 -534.508 13.2129 4
-450.298 -811.836 661.742 49.5071 4
-1577.92 246.728 164.486 108.141 4
-638.693 366.782 -266.277 39.7334 4
-228.701 -529.602 -128.78 92.6708 4
1214.2 -126.95 -850.992 64.3205 4
-234.63 562.385 356.243 83.1808 4
-223.231 -484.475 24.7815 54.3744 4
-320.907 902.558 404.369 28.2041 4
-459.569 182.157 -1083.42 49.2145 4
-702.74 -141.046 -1025.21 49.3319 4
276.665 425.939 -733.68 56.2641 4
-312.829 -866.595 -590.699 23.0241 4
-292.201 -429.045 -151.537 90.3291 4
195.868 158.956 92.7318 62.1929 4
82.1245 -1496.98 -570.262 67.5895 4
-159.687 -428.588 -133.618 54.2351 4
507.118 822.452 172.597 48.2865 4
-119.646 718.345 1061.07 72.1451 4
106.649 206.255 45.4704 43.5387 4
-708.074 475.084 895.97 32.091 4
-343.546 -1535.49 244.97 30.8107 4
-1180.79 -1034.19 658.235 50.2959 4
-1339.05 -1134.64 635.088 45.2394 4
471.171 -1423.37 559.61 83.3196 4
-340.232 682.948 -313.967 21.1043 4
-204.552 -98.5649 -987.254 53.1148 4
497.63 -926.958 -310.094 38.4769 4
-40.1973 662.274 -949.64 81.7924 4
-242.746 -479.94 46.4267 82 4
-937.91 -902.802 -555.867 47.7738 4
-365.101 120.201 117.33 47.2872 4
-300.782 596.34 848.781 20.2735 4
-1663.77 -40.9442 1452.7 93.6807 4
159.837 222.129 602.848 76.4275 1
576.876 -922.163 263.049 44.1664 4
171.531 -467.265 516.598 66.2245 4
-744.832 -25.4929 331.724 72.1658 4
-702.42 437.498 330.948 61.4644 4
-739.622 -604.979 -44.6854 64.681 4
-798.911 -18.4465 -112.555 56.324 4
-264.961 666.652 154.508 57.3313 1
82.1794 -483.835 68.7658 60.7497 4
153.038 -738.677 733.075 56.9231 4
-695.402 303.026 839.172 42.5371 1
-293.877 384.484 192.951 36.5525 4
141.396 -258.498 68.3606 87.1074 4
-931.091 447.37 -97.9169 36.3384 4
234.072 952.884 352.555 70.917 4
-905.879 11.6186 -241.878 36.711 1
609.037 693.366 -421.715 57.2941 4
-432.852 -83.0379 -465.508 92.9513 4
-808.675 683.272 1620.44 7.08271 4
273.031 68.8808 1098.71 80.8386 4
1031.28 -355.078 454.857 62.2807 1
-308.717 48.7571 -114.751 36.1276 4
686.977 -653.707 -495.045 60.9907 4
1427.48 -96.0002 -128.464 63.4376 1
700.925 -157.54 112.941 56.3885 4
-454.083 498.584 648.449 62.1692 4
-585.472 58.5172 330.327 75.898 1
814.135 -512.757 990.844 70.9768 4
86.6636 567.285 -26.4094 34.4034 4
260.8 1886.35 1017.11 36.1456 4
364.476 391.647 364.291 76.4081 4
111.98 1062.65 807.392 96.2667 4
224.284 -555.62 -758.192 42.2548 1
390.689 -112.183 -385.049 41.1273 4
795.755 376.372 -176.445 74.7674 4
-1625.04 -383.348 63.0312 82.7218 4
739.135 -322.95 556.172 62.0584 4
-824.954 1107.73 -156.562 56.4174 4
-313.778 -444.943 459.451 75.3309 4
-506.635 870.764 2.59925 75.7221 4
190.192 -784.042 -1012.26 36.0912 4
-750.565 437.022 -1072.13 55.9997 1
-446.987 585.581 85.3443 98.2112 4
1239.65 -1099.37 1058.81 79.4489 4
43.374 -847.868 290.928 47.4729 4
-283.57 787.981 1123.83 72.5371 4
-645.235 372.085 603.943 27.0338 4
-552.251 -476.484 -482.08 42.6952 4
-626.022 -462.498 291.28 81.2352 4
-638.565 783.748 -541.042 51.9856 1
-1382.66 417.085 341.121 79.7998 1
-1133.96 -152.888 366.817 54.8393 1
479.992 -250.489 173.006 85.9889 4
280.062 480.52 229.598 80.1613 4
35.8178 -6.53123 1008.66 44.0343 4
745.763 -638.77 475.07 52.0469 4
-322.025 -777.643 -473.564 64.951 4
-1001.15 142.149 125.934 41.301 4
306.503 806.433 -108.002 66.2408 4
-1083.72 191.82 -650.283 64.238 4
-20.5787 -326.236 983.305 78.1248 1
-643.749 263.359 96.4 41.2058 4
150.197 -690.317 1251.87 58.2222 4
129.886 -1056.37 344.288 74.1913 1
196.575 114.1 -660.848 74.9033 1
406.905 -792.977 -1135.17 51.1909 4
731.957 34.5355 -488.035 78.3204 1
-43.4364 -365.208 437.294 28.49 4
-308.95 1025.34 -1226.01 70.1902 4
-167.415 1176.19 -23.5508 37.7633 4
-152.529 -108.415 -338.39 60.651 4
-79.9296 -1326.56 316.281 71.3577 4
893.918 -1382.57 -231.341 37.7339 4
-6.70823 222.454 -626.681 97.9378 1
98.9977 85.0265 -601.435 62.8164 4
-577.748 -21.774 1143.97 59.8294 4
268.498 -170.099 325.745 31.5954 4
-359.981 -687.031 -23.1823 53.2604 4
-331.334 -372.42 -408.39 32.0595 1
1209.57 -507.498 -410.775 85.9224 4
-339.506 -317.832 -443.34 36.1309 4
-875.156 -362.942 -221.496 40.4356 4
912.166 269.026 -72.369 72.1017 4
-242.781 -223.545 1463.92 69.4654 4
646.054 1099.49 -440.126 46.3629 4
444.788 127.998 221.296 21.1816 4
-648.002 837.495 -855.694 88.9998 1
5.58356 -332.49 -321.409 27.45 4
349.098 -183.522 386.453 46.5763 4
246.542 -265.064 1074.49 31.9476 4
-167.382 -537.656 1431.77 32.6556 4
-977.897 54.8106 -668.023 53.3042 4
-152.054 -117.782 -451.186 114.167 4
-630.177 -128.143 -858.536 28.1651 4
-108.007 692.142 -529.824 87.3856 4
-388.007 -487.814 -881.585 36.9971 4
665.215 -439.673 -1100.95 54.2408 4
771.553 -511.826 -366.644 101.67 4
686.651 1181.5 483.642 66.1967 4
-79.5058 375.833 -217.648 63.578 4
-386.365 -530.288 171.207 88.2273 4
26.2024 -54.652 -204.689 93.9735 4
-143.866 338.016 159.83 58.9074 1
-469.25 125.667 172.222 39.8274 4
184.43 94.3304 329.295 64.1503 4
1128.09 196.132 -351.323 39.5886 4
311.97 24.8983 -30.8977 67.2677 4
320.811 -1529.71 393.832 73.487 4
233.983 773.724 -1739.34 93.4941 4
1225.3 613.41 -174.067 53.08 4
-224.16 -1086.56 341.529 53.369 1
246.579 389.57 -874.072 80.4888 4
-62.0196 -728.429 -1133.3 29.5488 4
-1099.47 75.2475 454.408 48.7389 4
191.055 -706.464 582.536 64.8806 4
282.072 274.076 -457.426 101.044 4
-247.744 532.651 -1961.97 96.9068 4
19.7596 285.18 -358.346 85.48 4
-166.134 -304.685 -457.82 9.59345 4
-419.8 1054.37 515.061 62.0165 4
314.25 -241.713 -1421.77 83.5295 4
-255.492 -353.586 852.364 23.26 4
748.691 -321.974 638.546 74.4689 4
137.461 -654.485 435.708 62.0555 1
282.892 -481.28 -370.323 29.674 4
294.789 561.939 -875.895 71.5456 4
-1025.1 637.369 -338.914 83.3965 4
-453.991 104.138 270.478 89.364 4
464.518 326.988 -74.9722 66.1667 4
-664.833 -705.785 171.637 65.6401 4
-361.694 1129.67 924.048 66.4256 1
250.876 515.858 450.438 61.2878 4
206.544 -475.111 107.533 70.2976 1
354.225 522.797 -455.277 36.0668 1
358.22 -164.163 1881.91 63.1267 4
843.768 387.788 -57.8245 70.4344 4
378.959 474.178 37.8419 47.1628 4
899.708 -1112.19 -405.681 13.9871 4
1203.2 -244.131 -663.983 62.2061 4
682.423 -228.313 -411.23 60.7207 4
-759.494 -95.6028 73.1229 51.0666 4
769.149 761.117 225.033 46.5458 4
-340.713 432.665 189.489 31.8063 4
-889.097 264.927 625.791 68.8067 4
1477.8 140.306 186.415 25.2033 4
26.9862 307.43 672.016 61.5438 4
-281.318 -1291.75 -219.492 103.166 4
-713.954 -263.431 -1117.52 48.1483 4
-500.194 -777.379 475.753 55.5154 4
-11.6974 -1153.64 217.201 116.209 4
-39.843 -818.562 926.696 57.4362 4
-475.555 378.94 -911.537 11.1034 4
35.0205 8.83002 1521.75 49.7776 4
-496.193 291.562 975.314 18.5542 4
879.949 466.382 329.612 48.5357 4
141.918 -126.468 -793.695 86.9758 1
-42.7197 -1397.65 109.807 67.0247 4
569.612 -413.177 -2.37233 23.0075 4
-181.924 864.178 -1009.38 91.7128 4
-1304.39 -48.7827 1154.88 78.6294 4
-111.518 1057.12 63.1426 42.2073 4
1025.1 1114.43 1500.67 77.8649 4
-172.649 -1.50982 -541.918 -8.33806 1
569.282 1221.13 -241.54 46.2857 4
-3.56689 -1130.32 43.349 55.0421 4
3.99906 747.299 131.509 58.2306 4
-504.767 590.577 796.584 72.4141 4
437.272 -372.293 384.372 27.1977 4
755.582 -741.525 51.3368 60.4524 1
36.1216 612.623 561.651 57.3672 4
-186.371 -464.398 -1126.25 82.6204 4
-1759.28 -835.069 -190.95 54.2513 4
-952.621 713.266 -1259.93 69.2952 4
124.855 -904.259 804.358 82.9679 4
11.782 -186.609 -647.038 66.5028 4
424.879 -97.035 -666.164 53.8093 4
626.165 365.238 -376.7 48.6725 1
-1264.14 194.004 985.807 90.1447 4
-617.232 -328.857 -53.9963 70.4039 4
-606.599 -225.493 -810.524 56.0838 4
1232.57 -451.751 463.904 105.398 4
228.686 -20.7155 -467.24 112.667 1
756.212 -244.719 491.785 61.7989 4
550.802 1007.35 760.796 79.988 4
-423.43 353.321 -549.258 42.8839 4
-12.2869 30.2685 145.196 54.2996 4
277.01 -118.918 -1111.84 41.7238 4
-789.903 800.854 433.266 23.5923 4
-779.449 -112.362 536.076 56.81 4
193.315 1163.65 374.93 67.7412 4
-292.734 490.215 -600.337 28.4105 4
147.333 282.594 71.1138 77.4576 4
-170.643 -118.065 1074.04 74.0517 4
-150.445 -115.182 -360.264 77.8018 1
-86.8073 -426.869 596.287 57.4433 4
527.544 626.791 67.5118 43.6307 4
1346.45 -1340.86 258.477 73.7003 4
171.517 -852.344 -195.713 53.8658 4
35.1521 407.83 -845.821 61.9191 4
10.7276 615.54 -319.562 53.4677 4
226.73 953.491 -347.426 96.0728 4
-177.954 -215.756 -585.962 16.9572 4
391.359 -964.598 -525.31 80.9441 4
-292.683 -376.701 -1194.45 60.1396 4
-311.897 -80.4017 -198.049 76.8243 4
-1130.13 -153.956 743.664 49.6202 4
-285.992 -1071.95 114.773 77.4873 4
-1.56853 -980.361 -635.186 36.1245 4
-1296 123.701 -309.437 67.2013 4
-314.25 954.197 -819.24 70.1905 4
52.3864 749.798 382.78 73.5625 4
-631.359 1092.94 384.019 36.4168 4
84.7869 831.903 -128.275 51.3736 4
49.5456 498.647 743.805 35.8013 4
176.034 -481.333 -421.397 97.2083 4
-565.052 -209.191 -191.424 87.9859 4
109.082 -764.903 531.714 46.3281 4
-189.309 270.664 253.034 36.5561 4
-644.259 -923.515 -418.399 51.6045 4
-890.976 185.91 71.5251 25.7638 4
-447.335 514.194 -60.911 83.0619 4
-601.771 -843.601 462.009 79.8975 4
620.218 47.4982 474.572 71.3699 4
43.4816 869.208 395.371 76.0308 4
220.764 -469.195 -415.284 27.4555 4
39.9131 953.336 -259.424 64.7367 4
-43.1953 598.644 -44.491 91.6836 4
63.7268 409.641 -1217.26 91.2007 4
-1315.65 351.624 -1143.38 91.6141 4
-615.385 -52.4016 574.179 58.3746 4
28.7269 74.1848 -728.924 90.7838 4
-510.138 -929.227 -356.408 75.7742 4
231.488 -684.42 552.835 82.5869 4
-281.15 513.175 -742.061 78.9487 4
586.899 -597.308 314.506 62.6993 4
202.658 322.939 -834.621 55.9296 4
595.127 70.4403 -10.4728 67.3027 4
-590.477 -733.642 -880.044 55.5613 4
-714.893 708.506 -958.664 71.5867 4
229.809 448.343 -248.087 70.5284 4
415.09 124.223 765.341 66.0165 4
-430.122 -203.152 -979.537 58.0701 4
785.778 -578.705 -149.517 60.954 4
410.722 -951.647 1036.7 51.9701 4
-633.323 337.305 -539.687 69.2822 4
125.093 -539.271 94.406 88.9305 4
-250.06 259.741 756.423 25.1547 4
-930.212 190.106 1028.09 62.9092 1
821.189 225.175 -1359.27 85.3188 4
-714.032 -788.264 697.512 65.1305 4
-1470.61 -1165.18 733.887 42.2848 4
-1.08063 64.1396 1015.54 72.038 4
-698.549 -994.206 -394.625 52.2217 1
344.374 -572.295 1183.74 62.3028 4
496.931 191.268 1135.13 52.9246 4
178.874 488.485 125.661 10.1022 4
-204.366 -80.486 23.6963 35.646 4
325.267 315.131 491.877 40.8998 4
-241.76 602.106 23.8761 32.7377 4
-110.533 1204.36 -657.548 84.8361 4
-1620.53 -148.949 580.238 81.4204 4
609.712 -768.199 181.831 103.09 1
861.712 -762.944 -252.232 39.4497 4
539.402 805.636 -337.199 44.55 4
141.259 -730.184 43.0801 51.6015 4
267.273 -77.1652 751.733 49.1712 4
1001.76 -1628.22 -2.56501 59.9993 4
36.4834 162.409 -74.9263 71.7455 4
217.827 -1032.59 -38.1809 57.2516 4
-260.615 -235.328 -775.744 13.9201 4
281.629 103.829 9.61477 46.398 4
-470.737 -475.826 880.851 45.0815 4
156.181 -46.6902 37.4277 69.7183 4
195.976 125.07 -729.193 86.0665 4
-6.29188 -531.617 389.007 40.9528 4
682.876 1077.37 1032.28 96.4679 4
189.255 74.2051 -578.662 76.206 4
1083.27 -300.633 -19.3827 74.1537 4
-441.342 -283.371 967.02 54.4363 4
62.318 257.653 854.649 78.4325 4
-295.608 943.656 132.504 80.0638 4
-925.166 327.964 -1109.45 87.4882 4
596.636 -161.59 -136.605 70.87 4
374.006 -521.973 271.848 70.9148 4
-690.044 -505.014 -0.267591 66.8133 4
350.547 -208.323 -745.205 30.5079 4
-185.497 501.604 226.186 24.6842 4
-570.286 487.872 -988.835 79.2354 4
642.061 -25.8063 -222.004 79.5258 1
-471.204 -196.925 -435.272 59.6143 4
171.674 611.376 -1157.34 61.6735 4
209.007 277.753 530.267 73.7931 4
860.87 -584.842 105.768 23.0577 4
532.775 1379.04 -835.411 41.7781 4
301.162 448.725 771.941 65.5128 1
385.182 308.161 -864.809 39.9023 4
-38.8052 -437.271 516.788 48.8359 4
541.208 -720.136 356.618 69.9007 4
-23.8705 713.491 715.028 5.11328 4
906.721 -242.052 -989.744 94.6102 4
307.015 -946.865 -705.004 106.388 1
-235.869 -865.282 -426.731 64.1312 4
-1565.97 132.914 535.549 76.028 4
-305.863 1099.42 -55.7151 49.3162 4
-120.283 -232.167 -738.935 45.9496 4
998.692 -531.921 -961.858 81.2879 4
-44.013 -1093.57 183.383 61.8193 4
118.967 404.171 -930.566 64.3968 4
1263.73 -636.952 -381.49 58.3143 4
36.7936 -169.806 370.953 58.7803 4
295.615 928.973 746.352 32.3514 4
43.2934 -284.256 -193.817 95.9355 4
-805.329 -37.1776 285.544 110.836 4
27.521 232.283 272.169 74.9003 4
198.41 406.973 -58.0221 58.8542 4
-155.039 -422.49 847.631 59.4663 4
514.435 579.975 -67.1236 70.6918 1
563.936 521.287 685.624 84.2538 4
295.453 -845.204 458.05 67.9672 4
530.651 577.874 -1222.18 85.3811 4
-211.922 809.881 -72.9516 60.5889 4
156.088 661.549 -553.129 110.454 4
611.307 -245.605 -322.928 75.3334 1
126.066 59.8534 269.133 79.502 4
-477.363 28.9439 -705.411 74.5515 4
177.131 741.455 -259.885 57.9471 4
218.666 -225.988 174.138 93.2825 4
-190.54 605.38 410.235 52.4842 4
204.021 -193.392 341.04 25.6697 4
-533.437 -1092.9 817.712 93.1579 4
86.3232 546.291 -968.497 34.9379 4
-443.829 -449.332 709.696 41.1245 4
-133.771 557.685 -1272.23 72.7451 4
-548.955 -328.591 505.453 69.6626 4
678.582 -228.742 -839.499 52.7708 1
458.092 -808.484 513.542 64.0493 4
1645.02 -1203.09 489.745 74.3998 4
-72.8319 795.112 166.143 62.4516 4
368.833 -179.078 -1072.75 81.7006 4
-204.938 -612.638 -566.795 83.7181 4
-146.53 -399.212 955.197 50.6508 1
768.839 463.601 932.291 73.2778 1
542.942 569.849 -414.049 64.6659 4
-326.379 -552.543 -321.308 51.0055 4
-282.068 -208.469 -28.4278 96.3006 4
-1164.69 -121.632 -303.762 89.2009 4
-1205.21 -100.702 -43.1627 49.8976 1
-1402.27 -428.251 -186.558 71.4183 4
-50.6663 -915.035 451.044 70.5639 4
765.64 52.9141 -9.80329 34.3452 4
-419.331 580.538 1257.95 94.6256 1
-67.1301 -1305.88 -610.176 83.6029 4
756.171 1303.6 -1004.66 55.6935 4
-67.3372 -1054.45 -713.838 60.1789 4
-563.827 120.062 497.11 82.3052 4
725.855 -511.619 -616.204 88.4766 4
632.736 -361.115 721.82 47.5014 1
299.238 798.087 242.424 69.2773 1
-391.41 594.08 974.456 96.3986 4
216.607 170.046 -471.56 119.015 4
-339.03 819.888 -210.279 48.4752 4
-320.232 -473.722 -507.223 80.0664 1
-514.051 99.3379 -224.349 56.3587 4
-347.096 -199.229 545.81 75.8277 4
-78.791 -504.207 409.535 36.2399 4
-158.198 -473.305 350.79 9.62948 4
93.8406 6.00032 -1054.13 35.4826 4
-703.173 -17.4023 893.078 9.11736 4
-702.506 -745.091 125.098 77.872 1
819.831 41.2472 -850.173 64.7686 4
-98.5017 -546.061 -1244.21 95.0997 4
1473.09 978.66 -1073.02 71.8882 4
240.635 416.139 593.871 46.2329 4
242.136 427.333 224.902 61.3527 4
958.381 -22.908 -378.555 74.1511 4
780.933 655.336 1372.58 56.5478 4
-782.121 -155.375 -799.45 67.1653 4
-1160.45 330.434 -400.683 71.2532 4
-159.971 -817.877 1282.24 83.8779 4
335.053 -728.245 131.892 90.6757 4
-334.713 298.91 -706.496 64.6393 4
-595.757 -1201.06 -256.066 33.1913 4
1127.11 125.672 516.242 66.0786 4
446.774 1310.85 -341.365 62.7634 4
88.7297 -238.814 21.8031 81.2881 4
875.693 -199.832 150.174 36.8825 4
-1698.84 138.687 -69.6791 67.7731 4
-143.82 145.722 52.7325 82.6508 4
-244.951 722.888 460.246 105.372 4
295.462 -167.339 164.278 29.6435 4
-176.752 -403.646 -183.365 92.9439 4
-416.259 -1057.96 -751.375 42.399 4
466.321 -1055.99 -545.344 40.1288 4
256.31 230.722 87.0608 38.7801 4
1165.24 -957.462 342.085 86.7487 4
633.244 -592.693 -118.274 55.7705 4
906.083 -1164.86 -591.561 71.3515 1
-649.993 -90.9599 -475.732 63.7732 4
157.035 41.6057 164.708 30.2169 4
1502.92 383.915 -65.6722 42.9783 4
-1142.09 598.017 260.163 90.0633 4
-875.836 1170.16 1560.92 -10.7024 4
166.751 -308.138 -1207.99 64.2382 4
-570.451 -290.263 -466.913 77.2235 1
146.778 -266.468 21.7012 13.1304 4
466.373 470.485 100.571 84.5616 4
801.798 -856.103 368.427 71.7522 4
-632.634 -881.124 -453.947 85.906 4
-146.907 -90.8649 984.712 53.3014 4
-405.425 -208.705 119.609 66.3331 4
563.396 388.696 -387.167 73.1882 4
601.808 -3.52729 341.25 38.3504 4
-593.204 -946.779 719.314 62.8646 4
-743.31 -934.927 -254.342 53.0569 4
-347.454 -54.2507 1058.54 52.1893 4
-231.307 -391.705 -309.537 54.8615 4
-77.1382 534.943 514.784 83.3674 4
586.408 -201.062 -510.647 82.1189 4
-88.6495 115.161 333.147 26.1321 4
222.667 374.487 -24.1708 60.413 4
-1028.7 -29.5289 -117.503 26.278 4
-931.192 151.163 1028.59 103.934 4
-864.678 177.495 -142.624 48.3185 1
126.65 -573.015 -277.597 75.0984 4
272.362 -727.394 1068.72 52.7722 4
248.802 -33.0447 274.117 44.4642 4
2.42874 579.872 -613.704 46.6801 4
96.7116 -3.36867 122.009 55.3396 4
711.302 702.881 -214.232 67.107 4
464.268 -216.86 -78.3224 64.9353 4
142.343 -544.951 -879.702 59.2386 4
1290.08 -619.233 1088.14 67.3253 4
145.294 -338.221 651.175 87.1603 4
-593.774 -368.972 403.442 91.3789 4
129.582 921.029 292.399 13.7216 4
-805.745 -593.549 -224.84 108.056 4
-932.429 -966.648 444.54 34.9028 4
-353.069 -1031.13 300.683 25.3405 4
215.266 -325.463 153.663 83.0951 4
134.483 -506.676 269.131 87.2623 4
918.216 -122.891 -203.507 36.2102 4
-380.224 107.509 -626.967 60.0171 4
1098.43 -337.976 634.673 90.7127 4
278.108 827.601 -532.034 62.8205 4
202.19 -1054.91 560.132 41.5697 4
-98.5453 345.561 133.713 60.5364 4
-830.025 -990.015 206.87 62.437 4
207.833 -599.554 185.656 54.6886 4
38.0879 -1608.49 1240.22 66.8264 4
1564.51 -250.913 -1144.23 65.5297 4
-810.634 -1005.49 -181.859 51.4809 4
-541.11 101.374 -756.094 50.677 4
-47.2181 140.476 -169.47 87.1764 4
-451.434 -769.966 -929.149 46.347 1
147.914 591.526 -629.836 67.7179 4
-895.183 1179.42 -600.302 84.6277 4
990.626 -338.408 -755.301 66.879 4
529.217 -429.047 793.176 57.1805 4
776.873 -550.882 -170.038 78.6893 4
808.131 -1221.25 -210.765 69.0893 4
60.3071 -498.368 -622.35 89.5665 4
-1363.26 -8.05318 -373.296 48.4714 4
643.078 -15.3442 764.637 56.7629 4
189.594 -528.171 1060.16 54.3975 4
241.334 112.175 -294.09 62.5469 4
-306.495 1050.09 298.085 36.3474 4
494.181 173.186 -562.928 71.4347 4
575.593 2.07681 -700.656 71.1444 4
-116.789 4.31624 -973.72 67.0453 4
-251.311 76.283 -1695.62 103.645 4
-830.42 -181.342 293.363 79.6431 4
95.7392 -283.454 -871.175 64.8236 4
381.737 1351.76 182.704 20.9934 4
339.596 627.231 311.811 54.8159 4
797.127 1627.03 45.2547 71.4479 4
2.26399 -548.745 1173.98 36.7102 1
132.255 151.188 337.199 53.5598 4
940.494 -977.132 41.7884 69.764 4
-719.362 908.954 1456.89 29.6095 4
-103.751 -378.126 -103.859 101.461 4
486.45 1210.3 361.68 65.69 4
-174.722 -534.443 829.946 45.0561 4
-255.019 -417.363 -498.697 56.3199 4
-754.322 715.754 -533.992 74.3458 4
-280.42 -425.986 -0.995179 71.4469 4
-96.0767 -139.725 -700.938 79.5461 4
408.351 -110.168 162.104 50.2673 4
-572.135 -1104.76 -276.676 13.9488 1
-269.488 -393.915 -1043.47 56.8484 4
-122.04 1674.97 -654.264 56.4588 1
210.065 120.897 -226.345 90.0894 4
-999.142 608.865 946.729 72.5676 4
-311.485 -65.4164 1.70116 88.5665 4
-434.576 81.1235 -400.408 64.3794 4
715.053 -231.259 -701.605 74.7581 4
-345.96 -357.52 193.666 43.5354 4
268.953 531.15 346.447 23.0569 4
-420.586 8.45738 -532.027 67.4328 4
-192.454 -68.83 441.294 65.4869 4
-257.705 653.089 558.274 37.5373 4
-453.724 935.295 -34.7062 64.1223 1
-596.448 777.228 963.881 79.0183 4
249.519 329.913 -567.673 49.3399 4
101.967 -829.906 340.052 98.9769 4
1284.6 -786.887 678.463 82.3374 4
27.0107 836.058 508.633 55.9826 4
-54.9888 234.611 -164.246 58.247 4
768.219 -162.256 248.714 75.2742 4
-461.723 52.1113 7.4924 67.7524 4
147.327 -244.059 1122.27 66.3176 4
323.872 -220.086 -127.848 35.0961 4
-1169.18 -130.356 -431.783 49.797 4
-978.4 -1127.95 -165.328 81.0599 4
-442.273 184.88 -438.207 74.4964 4
1449.59 67.6033 658.473 45.6695 4
410.094 -570.8 -399.948 68.1766 4
-131.232 -836.896 1073.03 69.49 4
-55.8122 -131.698 -849.149 64.9882 1
-1420.81 384.766 393.077 80.0848 4
379.202 41.3429 -126.445 94.7678 4
13.3515 -167.253 -264.32 58.9316 4
-806.426 480.3 -381.462 36.717 4
-852.792 114.853 202.951 38.2628 4
343.401 1121.43 -715.102 49.5747 4
25.1459 991.628 490.215 24.1488 4
483.084 1172.56 757.326 11.8277 4
-1049.34 -1535.92 -411.226 70.4187 4
-107.546 -690.593 428.292 87.327 4
-575.832 792.654 668.527 101.792 4
179.395 -1216.21 259.851 61.1425 4
-878.13 465.076 32.2825 59.8194 4
-560.944 266.575 171.476 82.8332 4
-401.52 487.036 291.334 83.638 4
948.801 -465.144 -205.919 58.1844 4
-1061.59 -128.617 779.424 88.121 4
110.688 24.6466 161.172 52.7301 4
468.914 1162.76 497.386 53.8987 1
-849.768 635.423 459.3 50.2376 4
328.794 -759.231 105.484 31.417 4
657.324 460.646 148.162 25.806 4
11.444 -856.594 382.647 27.2045 1
234.844 336.263 -639.895 59.0513 4
-47.2705 -1597.11 -842.296 66.4024 4
-8.84491 1493.06 541.159 53.2757 4
462.966 -757.905 750.927 84.0056 4
-242.894 489.195 1639.5 87.5637 4
-76.598 80.6618 650.689 74.1295 4
571.87 6.63884 -894.45 61.018 4
-126.773 -450.049 -155.214 70.6766 4
539.24 -163.948 758.653 64.3526 4
-561.82 -504.052 -1244.97 34.1391 4
-617.301 1029.82 -53.8711 64.1828 4
502.715 49.7934 -1030.54 70.5804 1
-34.1702 -532.911 171.573 71.1881 4
1246.75 -429.716 -384.298 68.6005 4
1037.07 1419.39 47.6245 27.6334 4
-399.388 -51.089 130.128 36.319 4
773.129 -272.456 401.009 64.8587 4
-451.5 98.6721 240.032 31.9807 4
-863.352 907.29 -62.8753 56.8918 4
-108.01 -819.298 823.57 69.5351 4
220.648 -128.724 453.489 95.7442 1
432.021 546.146 -173.809 74.0223 4
-559.733 -485.722 551.996 73.1827 4
150.26 -85.8735 -242.732 44.3026 4
-374.634 383.57 471.014 69.5174 4
-695.959 -244.696 -716.632 33.8682 4
-167.482 1120.02 800.398 42.5059 4
94.7326 -1399 -451.417 40.2808 4
-324.479 36.2513 -218.447 81.5911 4
-46.2767 -1127.64 82.0728 52.9665 1
203.145 -511.118 329.859 52.3974 4
485.471 -470.847 -206.507 95.9834 4
2.68955 195.85 -1430.18 78.5784 4
68.882 -1023.56 -336.152 104.403 4
-181.223 -392.884 653.743 62.1529 4
1351.18 119.418 999.339 31.3734 4
-516.477 156.236 247.318 65.8113 4
361.018 485.561 7.4105 48.3202 4
-622.02 1121.42 21.2224 74.9392 4
222.626 361.644 596.239 60.2189 4
9.03745 764.948 438.973 65.9315 4
431.931 157.164 10.7825 44.5071 4
-301.825 54.7933 298.673 19.7167 4
24.3936 58.6369 161.955 77.2589 4
504.211 -561.639 42.8641 43.5398 4
-282.674 -1211.85 683.867 15.0093 4
1033.12 -646.054 -1192.03 32.6513 4
-401.842 -589.671 110.669 66.9991 4
-798.072 -423.12 284.847 65.022 4
749.179 -685.23 108.116 81.4061 1
1193.93 -962.142 696.211 62.1898 4
141.637 -895.874 490.534 25.9788 1
833.625 -42.9158 588.209 83.1351 4
-336.57 462.019 -1019.81 82.3959 4
-495.281 -1329.07 -1048.41 61.1937 4
1080.5 -87.4508 906.502 58.7215 4
-42.3368 825.005 -486.88 17.0066 4
74.1334 -538.918 203.805 97.8228 4
-470.103 1661.73 -245.951 57.801 4
-256.237 719.527 594.082 35.1169 4
-1690.49 -190.128 306.743 66.7012 4
424.212 -154.152 -196.615 57.4757 4
463.985 -681.657 -188.907 29.3928 4
-31.9715 245.868 160.336 72.479 4
-237.468 534.962 -61.5917 92.204 4
-673.882 347.591 139.564 48.4399 4
-80.5895 516.35 -1.34669 54.8529 4
998.272 1021.89 -1002.71 57.1502 4
144.65 -67.198 -945.022 64.4917 1
346.947 896.613 -32.043 54.9931 4
355.366 -452.504 254.274 57.9258 4
699.964 568.639 -786.489 33.9316 4
-192.403 378.864 300.629 48.5709 4
341.245 -34.1507 443.458 52.1561 4
-112.375 -1118.71 801.19 65.2779 4
-417.384 -911.457 -444.599 55.7979 4
222.871 555.09 1310.18 58.3412 4
-712.007 210.02 -2011.55 50.0607 4
614.034 562.039 1035.21 49.9808 4
-227.358 -487.48 71.0278 72.0396 4
-34.5631 -97.5362 376.46 44.6242 4
738.283 609.554 345.959 47.6399 1
-1404.31 -239.2 84.1827 52.6843 4
670.635 -832.33 -240.456 47.9606 4
-1100.05 -775.553 703.202 61.742 4
-474.037 -72.8307 -79.8652 89.1802 4
-599.345 245.141 456.163 37.3278 4
-427.085 -198.061 -70.3661 68.2717 1
433.14 469.357 386.182 88.3606 4
720.172 -165.109 -233.532 63.1922 4
-180.074 405.59 -518.717 62.2364 1
935.565 496.091 512.392 134.269 4
-538.812 343.222 453.697 105.764 4
562.465 444.64 -397.871 53.6947 4
491.902 -595.512 210.799 93.586 4
-162.995 -1054.2 404.685 74.1083 4
831.175 -499.542 228.083 83.143 4
46.6715 1286.68 1106.34 39.6427 4
693.087 257.744 440.171 73.4798 4
780.771 -377.507 342.962 41.3611 1
646.948 -230.557 -63.0803 66.8718 4
-440.263 -39.045 -554.193 65.556 4
-293.353 -395.467 253.128 65.5254 4
46.819 -440.304 1429.51 68.8494 4
-854.081 72.7688 -246.724 29.6967 4
-823.695 -736.445 618.26 52.7534 4
-564.904 -826.268 -533.979 77.3245 1
21.2399 472.778 -1309.76 68.768 4
1354.34 23.283 176.587 43.5224 4
-65.4809 -692.653 -844.131 65.0707 4
-184.706 784.169 337.05 33.5459 4
464.259 102.601 -1083.23 66.3995 4
206.702 -181.8 436.163 73.5724 4
760.49 -342.986 -418.473 31.5061 1
697.287 212.113 38.4304 35.7398 4
-111.636 -178.168 763.788 42.2849 4
340.505 -711.059 25.4487 63.7177 4
-579.664 664.706 29.9219 57.3599 4
-157.679 1452.16 -203.564 64.0539 4
1086.88 1158.41 -617.604 30.4696 4
179.92 -137.487 -788.526 68.7513 4
-763.351 -70.5235 -122.559 46.9384 4
-112.287 -199.894 -398.365 53.5803 4
174.837 -945.606 -212.499 43.81 4
599.77 663.108 -333.554 34.2417 4
-107.159 -738.632 378.003 46.0485 1
-824.078 -91.0079 -674.164 96.7705 4
-790.456 -233.673 -704.945 61.7401 4
-374.167 -371.115 -436.02 63.5611 4
276.295 -523.509 1089.29 70.1372 4
-1921.44 -98.8159 -222.35 72.0482 1
198.306 -251.99 316.919 44.083 4
-681.745 -438.687 443.769 51.4586 4
-687.37 -430.542 245.519 48.5384 4
-773.222 185.003 72.3971 53.2366 4
1351.84 -144.027 -398.652 53.43 4
1640.24 378.451 264.66 62.4327 4
-155.179 716.773 -48.6004 41.6378 4
-240.363 -20.5925 1096.11 32.621 4
589.137 -106.72 398.61 82.8853 4
-55.8423 187.006 -326.448 87.7718 4
317.236 -367.15 135.809 93.4976 4
-973.972 -531.519 717.881 78.9421 1
-499.212 -340.319 -16.7071 84.1511 4
813.983 -74.4401 566.589 90.6149 4
-256.955 634.188 443.196 63.6174 4
-212.442 -432.837 212.987 51.9564 4
148 -247 -214 70.1958 4
-227 4 -74 68.2878 4
-35 219 48 31.4133 4
-119 232 270 75.9472 4
268 266 79 69.2832 4
88 137 -92 102.076 1
-137 277 188 57.5221 4
-10 -144 -127 104.744 4
261 -41 239 65.378 4
15 218 216 74.0148 4
137 -36 204 65.6945 4
-104 174 -257 26.9378 4
-107 123 -260 87.2583 4
-288 -300 126 22.6287 4
29 14 32 42.4478 4
-78 205 -38 95.3015 4
217 254 23 31.4518 4
172 -61 265 44.1994 4
-45 170 131 84.6039 4
-204 -73 67 49.6531 4
-250 -140 -277 70.3114 4
-140 149 42 67.333 4
216 126 -286 48.7535 4
-216 -24 -122 74.626 4
282 201 285 36.1661 4
192 251 -33 17.2849 4
-127 151 50 39.8864 4
-222 170 11 45.8217 4
-270 -214 -6 10.3523 4
-13 88 -116 57.4931 4
-85 -102 -102 43.4532 4
-73 76 -248 69.1507 4
-22 89 116 35.3904 4
40 135 122 54.2246 4
-14 -128 235 50.0974 4
94 298 296 74.0817 4
-216 -9 67 52.7559 4
131 3 -221 45.6164 1
202 -23 149 17.6743 4
-247 -47 -210 77.7691 4
-257 -42 58 77.4623 4
-206 -120 101 55.4676 4
-196 -212 197 28.3754 1
-214 193 23 40.3509 4
236 142 -255 36.9036 4
198 -176 218 87.5056 4
-147 -180 -19 84.9506 4
73 -177 94 86.6477 4
82 -148 4 44.6951 4
32 157 -292 43.6772 4
245 -43 36 31.6309 4
-149 111 253 43.8145 4
-294 298 259 67.8581 4
175 178 -244 65.223 4
298 -211 287 57.6622 4
-88 -166 -8 90.9588 1
-14 48 -78 62.7655 4
-95 283 -92 74.8737 4
-60 -4 233 47.3098 4
159 -62 283 21.0678 4
-64 242 -179 30.8566 4
-128 -123 192 66.8813 4
-34 -69 -254 22.8888 4
65 -210 -75 24.7098 4
138 -100 123 43.3318 1
-117 -269 -3 94.6317 4
-221 282 19 91.3055 4
-80 2 104 59.1082 4
296 225 20 65.6356 4
-197 264 143 51.6695 4
-105 -59 -300 71.5937 4
31 278 65 49.7735 4
-122 -112 -232 96.8811 4
-81 -183 -12 76.6199 1
-201 -293 288 52.4817 4
9 92 -268 62.2761 4
-230 52 279 21.4504 4
-232 122 -254 72.3088 4
116 99 -76 35.196 4
77 289 121 36.1723 4
229 -59 120 52.2751 4
59 -192 250 75.2128 4
168 239 -18 85.6986 4
31 -234 287 61.5776 4
118 266 -222 50.1432 4
-159 -175 201 107.543 4
-24 178 156 60.5468 4
-81 -23 -188 63.3157 4
219 232 -251 25.5694 4
92 -300 -60 86.3457 4
239 -26 -110 51.6286 4
40 229 -124 35.0286 4
196 -294 -152 55.2216 4
-169 -250 294 40.7696 4
228 150 264 76.159 1
180 -224 -252 50.0569 4
60 150 -119 50.2088 4
150 121 -135 79.558 4
-204 -193 215 94.1323 4
89 143 -201 57.4775 4
150 -53 -226 33.0668 4
-251 120 193 60.9955 4
-278 157 177 51.295 4
234 -23 105 65.1707 4
-173 286 251 50.5392 4
108 169 170 54.36 4
28 -162 144 51.6761 4
281 -5 -146 74.9604 4
243 -72 217 48.9886 1
-252 110 22 66.8802 4
-281 251 -223 69.7707 4
-72 183 52 80.8472 4
169 3 137 48.3515 4
-128 -240 -263 55.988 4
-102 -66 70 55.2868 4
229 225 63 71.2993 4
-147 -20 -83 41.5262 4
-210 -9 77 64.0854 4
-58 154 -133 62.1518 4
-211 219 30 71.9314 4
-78 -132 40 73.8565 4
-72 78 100 86.8462 4
-288 -130 57 53.5987 1
-205 -180 218 56.0111 4
100 -165 7 105.287 4
126 136 -196 77.8735 4
-258 -29 -258 65.0733 4
242 -175 -209 55.7653 4
-7 -117 -237 77.5013 4
261 163 151 79.1703 4
86 260 -281 72.8053 4
-219 237 -66 57.0335 4
124 241 176 77.2323 4
77 32 122 44.7698 4
55 -84 252 96.4425 1
41 95 -87 35.6369 4
30 -271 111 39.1496 1
-56 -286 69 94.0682 4
275 -160 -36 54.3412 4
-223 198 -259 69.5295 4
-108 217 -293 89.2672 4
-299 -119 -159 104.875 4
98 145 -247 60.5088 4
292 -281 -22 38.082 4
100 -211 -285 62.4176 4
-196 -164 127 57.6976 4
-23 143 -61 47.482 4
41 -20 60 62.3138 4
-102 -181 -45 96.9935 4
1 -152 8 63.2951 1
294 -187 290 36.7739 4
-168 -280 9 62.7668 4
162 -224 29 44.8388 4
-87 208 -151 82.7778 4
51 88 296 76.3808 4
-232 -192 -170 60.943 4
-72 -163 22 51.6095 4
-15 -270 80 29.624 4
-157 -178 -34 87.1664 4
-157 275 12 58.0247 4
104 93 -225 57.9019 4
1 276 207 37.5607 4
-184 -45 197 14.3655 4
-184 79 7 64.5599 4
216 -271 -275 83.5478 4
-241 105 181 44.1666 4
227 199 282 80.9395 4
-74 -253 231 50.3154 4
140 -294 -253 47.3853 4
34 6 246 28.0889 4
14 -105 87 83.828 4
274 -206 -126 47.9002 4
-177 -101 144 33.0139 4
56 -223 188 59.8867 4
276 -77 -90 77.0099 4
-30 -159 285 22.5678 4
200 84 -296 75.0723 4
143 251 137 8.18858 4
-154 276 287 52.6153 4
-230 213 63 27.1862 4
164 -93 -69 20.2935 4
-16 -181 -293 38.1185 4
-206 -83 267 76.0656 4
-189 4 -73 80.1525 4
140 283 297 62.1762 4
234 -114 140 43.9452 4
-138 -121 6 58.4077 4
144 -231 -19 37.5736 4
-271 212 -20 70.0647 4
-268 -260 130 73.1995 4
-291 -151 -57 34.8679 4
153 -78 183 39.3059 4
-95 -67 29 39.3575 1
-129 221 25 44.8057 4
153 83 18 102.051 1
152 -300 -294 49.8699 4
-36 -262 -249 78.4578 4
130 181 227 76.5495 4
-270 -130 12 65.4855 4
-156 248 -20 64.804 4
-119 61 293 80.3656 4
-265 18 138 58.433 4
-199 209 -115 47.7666 4
-39 243 -9 47.5864 4
34 42 274 75.9323 4
275 -47 -296 69.4028 4
123 17 292 91.952 4
-283 -275 120 29.0664 4
-162 114 -246 32.4023 4
184 -55 -239 106.632 4
-146 -53 96 47.4413 4
242 -213 144 51.3346 4
-118 -130 141 74.8159 4
123 -103 215 41.4095 1
-34 -41 17 61.18 4
-16 -162 -67 20.7138 4
4 -260 296 36.6945 4
-15 110 226 56.492 4
109 22 58 60.3444 4
-138 -98 80 70.7227 4
-175 273 -47 86.6946 4
-130 220 247 56.0829 4
-120 -284 -76 68.0955 4
206 -90 -261 50.8357 4
-50 88 99 83.079 4
250 25 -174 48.5472 4
100 184 -190 45.9055 4
138 -58 -242 23.0484 4
-85 11 212 44.5554 4
-68 -89 -221 55.8393 4
279 3 80 26.6883 4
213 -128 -204 61.5083 4
12 -53 150 44.7448 4
25 276 -279 30.5528 4
160 183 139 32.453 4
-174 197 -286 101.789 1
260 -22 283 58.9263 4
189 -238 -192 81.8633 4
-182 -59 -193 20.6204 4
113 -97 247 65.5867 4
-97 -151 -161 43.7239 4
-174 212 -247 50.2413 4
95 -56 89 80.0494 4
-159 104 -181 50.0979 4
134 -198 -150 46.0661 4
217 -290 245 77.6434 4
-49 -248 118 56.6349 4
-293 65 -7 51.707 4
-33 -116 -162 40.6638 4
-204 243 183 40.2854 4
-113 -275 -31 68.0562 4
-119 88 -14 52.5997 4
-57 136 -209 50.3269 4
146 -264 -105 46.5023 4
140 65 -34 47.8262 4
-169 12 110 49.1792 4
196 249 -5 80.9409 1
-56 -122 -63 43.2589 4
255 -42 -36 18.0499 4
-253 250 -148 60.8996 4
-162 295 254 62.3104 4
-268 201 -113 42.6241 4
-34 153 -228 17.0298 4
-135 183 -1 64.2271 4
-116 294 107 89.1729 4
225 96 -288 49.4914 4
-246 -271 69 40.1936 4
31 -27 195 53.2671 4
-32 149 259 74.4822 4
50 -154 225 56.3679 4
51 49 218 61.0121 4
-68 -82 31 54.6166 4
264 -162 49 79.1075 4
234 61 -178 58.5928 4
-158 -57 142 69.1378 4
216 -211 148 52.6225 4
239 107 -63 44.8441 4
253 214 110 72.2422 4
-37 -219 273 77.8862 4
-249 -244 116 47.0229 4
246 -135 -43 60.698 4
-21 -169 -79 77.2145 4
-174 115 99 34.7659 4
204 -53 278 68.0329 1
106 267 289 33.5317 4
-67 -149 116 39.129 4
-68 -159 197 70.068 4
-102 13 -249 59.0988 4
-69 -240 77 100.432 4
243 50 135 57.5691 4
-135 -65 163 116.071 4
182 -107 69 42.5912 4
-139 58 100 76.0316 4
-39 268 95 56.6831 4
-190 -8 229 44.4579 4
58 32 -96 84.3537 4
92 281 -297 56.7171 4
-217 138 -144 88.7162 4
-227 -281 122 69.6465 4
-87 -109 49 46.4086 4
1 201 -28 71.5771 4
170 -232 260 68.2645 4
-188 -58 -260 48.7319 4
274 296 263 79.2644 4
30 266 -94 30.3332 4
-143 63 114 47.9388 4
-166 -64 -10 78.6685 4
-121 -261 -75 49.9366 4
241 198 246 51.2218 4
18 207 195 72.4822 4
201 -13 105 98.8496 4
-17 -180 46 37.232 4
139 5 127 28.671 1
120 -59 278 18 4
-71 -31 -246 58.5693 4
-240 -21 92 80.578 4
229 38 216 24.0229 1
297 111 -118 52.0437 1
-202 39 -174 57.8943 4
-89 172 -153 42.4217 4
229 26 98 69.344 4
19 -171 4 94.3023 4
98 -190 -192 102.32 4
89 200 -88 56.2939 4
291 -172 -230 100.686 4
-8 -48 187 99.1808 4
43 -287 -128 30.7392 4
-63 -228 -295 34.6111 4
98 -144 216 47.59 4
-15 272 118 59.406 4
-218 -21 -255 53.5228 4
231 -43 -5 70.2166 4
-162 65 211 51.9992 4
70 -150 272 69.7223 4
215 197 -232 32.7898 4
269 126 -229 53.5057 4
34 40 289 38.3529 4
-236 108 154 44.8881 4
139 199 -177 64.9452 4
209 -130 -7 88.4706 1
-13 -96 281 47.7093 4
-194 253 223 66.1558 4
150 43 -127 67.2519 4
221 297 -9 64.6689 4
37 -20 -26 106.805 4
140 180 0 52.4165 4
80 -125 102 46.7418 4
45 -205 140 33.2201 4
-249 121 -106 36.8696 4
-174 169 -122 78.4559 4
265 -197 200 92.226 4
-200 243 -158 74.2128 4
-76 -132 291 100.584 4
-251 -257 148 88.2987 4
-81 -298 -78 59.4175 4
-203 -238 -199 54.1015 4
-65 -252 -243 41.4516 4
217 287 -210 50.8876 4
-210 291 -179 63.0289 4
234 -37 -168 63.5097 4
-117 175 -221 49.0426 4
-29 -21 -135 43.5569 4
-19 87 258 76.7347 4
149 112 -22 103.056 4
160 -213 -102 56.464 4
-226 -12 64 31.0227 4
-269 185 -89 64.6908 4
200 -204 -72 42.2312 4
23 7 -232 46.0137 1
286 -67 -64 64.6523 4
-279 -105 97 41.2735 4
-293 127 -241 85.3624 4
-34 -291 48 78.394 4
-3 -188 -291 77.8634 4
297 -80 -253 32.6876 4
-232 -25 33 20.4295 1
35 -147 86 40.776 4
86 -277 -207 44.2043 4
270 -58 -166 41.0976 4
122 245 -104 60.5405 4
254 -4 -119 44.6533 4
109 -110 32 60.2815 4
-138 79 108 50.4038 4
107 193 75 53.3999 4
98 -139 267 54.0452 4
236 -240 -204 63.9754 4
3 282 183 56.8949 4
227 131 265 60.9906 4
-172 -154 184 44.755 4
-212 -83 147 61.4493 4
48 -293 286 91.8197 4
-48 61 -251 59.5661 4
222 -283 287 98.8739 4
-223 135 -183 33.815 4
117 53 -291 62.514 4
-116 27 -75 64.9585 4
-75 -191 53 59.562 4
26 253 -231 91.4277 4
12 -245 282 42.1922 4
116 -268 67 103.628 4
