273.124 750.301 -833.258 73.1031 4
-181.57 -924.156 -46.6149 61.3168 4
387.889 239.124 966.286 74.2081 4
2026.44 -229.514 -158.243 77.8436 4
-2270.11 1492.55 -537.555 47.6485 4
-1401.19 790.64 -183.054 57.0823 4
-1553.98 -747.408 -814.148 46.6494 1
-1753.93 32.2173 -410.105 42.0801 4
-614.604 214.798 180.561 100.008 4
-2072.66 -124.012 -861.109 37.3363 4
-79.8699 740.194 495.64 58.1283 4
429.791 -308.196 -587.603 65.2664 4
-543.365 -608.921 -174.83 88.5319 4
-563.732 753.466 -296.761 74.0547 4
-184.493 -636.949 331.155 54.9159 4
1598.09 -416.09 -419.617 78.0328 4
-20.684 491.33 -9.26986 29.788 4
-8.21338 -798.353 571.884 50.1867 4
-497.279 -109.716 -256.192 87.2983 4
2437.68 -146.002 189.682 48.5332 4
342.804 -373.288 -584.217 42.6837 4
1204.84 -1185.73 -448.172 55.3743 4
-962.45 -66.0548 251.802 45.7146 4
498.564 -361.226 670.624 90.5507 4
2022.39 121.516 483.516 81.169 1
642.791 -134.999 -456.782 57.3854 4
538.486 -805.145 -598.902 74.3643 4
1188.16 -373.174 -259.007 43.2672 4
1057.77 743.099 766.922 52.6166 4
-1413.04 442.513 678.257 39.4531 4
-6.61367 364.48 -386.828 90.8579 4
-2086.05 -821.191 392.205 64.6348 1
1068.33 -186.66 35.8696 61.5218 4
-1401.27 41.3547 -1033.71 35.7575 4
486.591 -1485.3 1109.75 41.249 4
-239.092 348.814 1325.06 86.4532 4
-1155.91 1316.85 -488.964 63.6435 4
434.397 -1219.07 -237.229 15.3401 4
-1480.92 70.4699 -49.243 40.6922 1
-818.727 -969.261 -1475.28 76.9218 4
576.726 474.018 525.72 29.9046 4
566.942 425.664 -839.564 43.3642 4
-1580.93 -439.482 324.191 62.0718 4
-2220.89 176.983 1097.45 79.0274 4
102.153 -303.491 -65.855 35.6214 4
-1371.86 469.172 360.025 58.8942 4
938.563 0.172949 -180.493 102.549 4
176.798 -514.401 797.533 57.3164 4
1222.88 -1081.48 -341.17 55.6943 4
-1267.31 162.375 1490.49 73.305 4
1513.5 -706.448 1222.79 76.8043 4
-2172.59 151.889 -360.939 55.2012 4
945.634 255.723 93.7547 27.5546 4
512.712 763.837 -372.619 73.9145 4
-1445.85 -94.7002 -567.561 34.153 4
-293.236 -730.164 150.544 48.916 4
1765.56 -652.052 -110.177 75.1711 4
1599.48 -183.266 -481.737 33.606 4
640.811 869.698 -63.0675 41.0247 4
-583.393 1341.77 327.527 78.1686 4
273.137 -2.42945 128.839 66.784 4
1130.55 -322.789 -127.157 53.4823 4
1073.64 -1030.02 477.587 53.339 4
-142.785 969.016 -861.244 23.7175 4
387.718 -782.111 330.998 94.9464 4
568.814 914.256 56.892 64.8002 1
1972.55 333.682 -1275.15 44.1966 4
1257.2 21.2577 440.584 66.3822 4
929.515 705.171 99.7418 52.6849 4
448.132 -1155.12 -784.342 64.4806 4
-1818.65 -82.3571 466.028 44.6204 4
1862.12 915.832 786.357 90.1318 4
854.387 799.173 572.319 80.1241 4
-1568.22 54.328 145.05 49.5553 4
1145.93 -397.363 111.535 65.2419 4
-281.064 671.044 -359.738 56.6643 4
211.176 299.609 385.092 18.355 4
1646.59 826.108 27.6097 44.6698 4
-1301.54 291.318 987.729 63.8629 4
414.36 -1205.72 425.746 74.9133 4
-2102.93 153.98 -499.617 34.5561 4
-862.668 -572.311 228.925 92.3514 4
1279.5 1522.46 -13.0285 12.0771 4
-922.494 1816.19 728.46 94.3908 4
-336.433 -885.505 1388.23 45.708 4
-282.412 -77.867 -411.909 49.1693 4
-1068.23 -454.151 327.99 68.5355 4
1409.68 -918.918 723.729 66.5834 4
1694.01 343.407 285.169 53.5328 4
761.987 -93.2051 185.729 32.8 4
-51.3339 -1099.87 284.07 95.0847 4
1282.81 -819.367 870.86 43.5814 4
239.501 -735.46 770.298 53.3496 4
1276.96 -774.583 -523.292 83.5437 4
-16.3481 -398.315 1.8652 44.4517 4
428.765 507.022 1597.68 58.1164 4
-869.625 653.227 -348.068 72.0139 4
485.858 602.889 576.172 42.121 4
-39.5075 -372.041 659.453 47.7384 4
193.076 -224.138 -533.631 57.9964 4
-88.9859 -385.541 -1110.09 73.619 4
-658.319 623.6 -221.846 8.51981 4
-88.7476 1390.5 33.1797 81.9118 4
94.2915 -6.42465 -18.7293 43.1965 4
1706.59 -416.547 83.133 53.994 4
976.61 299.033 653.234 88.0122 4
188.013 138.475 685.679 47.4865 4
-178.901 2423.92 -704.123 48.2826 4
-1087.16 220.457 375.195 72.4352 4
-1002.58 626.522 430.024 85.487 4
2419.76 -237.947 -208.54 20.3047 4
-776.873 11.3751 -201.724 80.8929 4
1336.72 443.738 -125.507 57.8951 4
1046.01 1574.84 -342.005 50.5712 4
1252.3 -367.824 -416.462 48.0312 4
-1480.85 -488.206 -277.5 72.5837 4
64.5533 397.18 -292.048 63.218 4
36.1695 -828.817 -147.346 63.4724 4
353.624 -624.77 76.4181 65.4252 4
-402.432 -510.405 -499.592 48.2498 4
-780.027 1004.44 973.001 61.2684 4
-719.209 -145.495 -30.2441 47.1784 1
469.817 -11.718 1640.2 50.0852 4
-996.421 334.693 -713.21 28.8115 4
-1870.34 657.205 -716.633 56.1877 4
1278.46 902.485 -508.916 55.9134 4
-1036.94 -1032.19 -78.5226 52.5051 4
-1375.53 -289.167 -403.353 92.5292 4
625.665 60.4206 -831.023 79.3233 1
-277.157 -230.83 -858.188 27.5893 4
568.598 -465.325 -156.794 48.3045 4
88.9206 -14.1711 837.718 72.5839 1
-1089.84 -933.378 -113.283 40.4033 4
-1087.08 -446.268 -757.433 61.7045 4
58.9345 212.963 729.131 79.1147 4
-524.316 -722.73 166.173 89.9284 4
-247.322 -568.127 -29.3381 63.744 4
272.629 -351.229 -605.345 73.1428 4
-575.795 25.767 -81.7549 49.3547 4
-1456.63 -923.758 973.514 77.3821 4
227.121 -1382.23 -761.103 45.1211 1
1772.17 657.761 -251.831 87.7638 4
648.55 308.794 1336.55 47.7757 4
1032.08 -456.599 -612.83 71.0578 4
-1255.23 -449.966 -784.178 57.9639 4
840.838 926.228 205.185 34.044 4
-1302.36 -274.327 14.2874 65.4752 4
14.1352 154.934 196.934 51.5316 4
-1428.35 -831.288 -298.834 82.1046 1
1938.24 -104.916 -375.929 73.0827 4
1778.22 -264.298 87.221 47.0356 4
-1803.73 -775.669 381.194 18.3494 4
580.237 183.011 -559.457 55.3281 4
678.4 587.807 -523.247 78.2777 4
939.879 -627.935 -437.885 64.3314 4
-280.687 -465.459 -166.668 40.0473 4
1530.9 -132.536 -657.13 74.4766 4
124.52 -0.841631 -1131.38 66.4011 4
1619.74 836.626 -675.052 54.6157 4
272.949 286.416 -615.178 42.9329 4
-828.267 836.78 460.758 78.613 1
246.756 217.709 -906.513 38.2653 4
-17.0181 -555.43 -1117.24 43.1709 4
-296.631 -118.492 4.79552 55.2875 4
666.546 233.606 -254.252 61.1455 4
1226.07 -350.089 239.721 90.8273 4
1413.76 -556.946 -289.669 37.0643 4
1033.56 -244.986 -61.4874 73.2166 4
211.001 -723.047 -424.85 59.0837 4
216.325 -1254.05 619.529 82.118 1
2319.01 -213.274 327.903 66.4732 4
943.108 213.846 -940.822 52.3899 4
318.422 791 16.2505 20.9908 4
-1368.1 1385.32 -154.086 60.3157 4
-953.166 -504.942 677.43 49.1479 4
1969.21 -282.664 -113.988 63.7706 1
-1506.71 552.384 -37.1463 94.9613 4
-371.406 748.685 277.817 71.2186 1
-1955.73 238.007 -380.974 74.8493 4
-1380.42 -479.761 17.2201 54.4138 4
180.368 839.387 -915.6 45.4334 4
-369.199 -544.12 905.719 71.9361 4
-1050.43 -570.566 40.0273 58.1437 1
437.142 -528.774 407.895 76.3598 4
-1480.02 604.576 469.724 61.718 4
-178.139 -920.995 -832.387 81.2298 4
-1113.12 1203.99 -642.965 50.7977 4
858.103 111.728 -263.393 35.1093 4
1259.29 -506.477 -366.368 24.1372 4
-848.46 -500.491 256.036 27.5525 4
59.421 595.918 -296.308 56.9758 4
-372.858 -445.057 -334.537 82.5538 4
1383.37 450.393 233.571 79.5228 1
1918.39 -935.033 -1.8947 75.9931 1
-473.304 -824.406 553.543 22.5764 4
-912.617 -1186.31 604.651 31.5116 4
-251.71 127.697 445.528 43.117 4
-1930.24 -107.158 -217.318 51.3399 4
1336.9 -200.708 -655.761 86.3872 1
-364.679 -426.848 -605.718 55.6208 4
267.172 565.031 514.184 70.681 4
-801.025 813.406 1444.82 86.07 4
640.697 -29.4998 -399.542 34.3497 1
193.123 -1024.33 356.345 46.6778 4
1037.28 -371.382 -1178.16 72.9463 4
2193.45 1515.14 509.937 82.3262 4
-1291.29 -646.229 -113.449 55.0488 4
1302.92 13.0187 -589.865 52.6015 4
1829.82 -374.268 367.142 16.2002 4
930.157 2192.84 932.615 75.0176 4
-1180.45 1286.71 -990.279 53.7977 4
-603.217 1033.01 -212.928 41.3057 4
1543.92 537.498 526.361 75.4355 4
344.861 835.033 36.3113 38.8252 4
622.203 457.537 -496.112 80.572 4
-550.835 -9.30632 467.488 68.7448 4
-251.803 864.04 371.221 65.8661 1
12.3266 -660.121 -174.827 86.993 4
750.446 840.301 50.0625 65.6712 4
-1334.41 192.851 -191.091 43.0568 1
-2323.57 387.309 185.886 49.178 4
350.559 451.498 897.104 52.4407 4
-712.041 389.344 -852.19 34.6575 4
-1608.18 469.503 592.612 36.2765 4
-697.02 67.6853 -765.865 64.4319 4
-1176.56 -792.608 -742.671 44.7264 4
876.442 333.662 627.377 12.1419 4
626.235 -399.495 312.158 79.4882 4
1597.73 1763.25 -410.775 96.2149 4
22.1707 89.2043 379.446 65.7595 4
-490.634 61.9303 -546.438 20.5068 1
760.691 1179.56 193.499 97.4389 4
-919.467 400.417 969.548 44.1046 4
1527.61 153.249 450.72 30.1899 4
-518.728 1242.08 -259.461 39.9139 4
689.872 113.264 483.64 54.2945 4
-613.763 500.335 -837.129 80.1565 4
-921.427 55.094 -6.05494 64.1588 4
-2503.15 -413.476 365.602 52.9967 4
-576.563 269.425 -1357.55 41.3869 4
26.4239 -610.594 320.292 54.7502 4
743.967 -761.078 -720.397 37.6205 4
1029.54 488.498 -416.671 18.0276 4
-143.219 -621.352 267.131 65.9113 4
-1525.03 903.746 38.4609 58.095 4
584.677 -269.505 -434.797 67.436 4
-375.136 667.262 -876.833 54.1727 4
-812.033 -773.129 -1437.63 61.075 4
-998.569 -267.433 516.475 47.5354 4
897.833 -150.42 217.344 86.9486 4
1154.62 858.125 533.148 87.5357 4
918.416 548.319 -1258.52 54.947 1
75.8262 -25.331 783.941 48.3529 4
-605.305 303.041 -60.3496 46.1426 4
107.433 0.116993 133.672 71.6614 4
1882.81 -528.937 -305.026 76.0265 4
-159.48 777.78 229.662 26.4911 4
-118.06 505.736 -279.797 78.8943 4
-12.9549 294.211 -172.709 55.495 4
-1021.12 483.466 -396.539 61.3823 4
1230.53 -1488.52 -325.635 72.0119 4
117.403 757.701 -1424.5 14.6549 1
1370.8 -698.94 254.731 41.2249 4
-153.283 758.215 623.428 39.0429 1
1146.39 131.063 -854.768 37.3685 4
-791.74 -453.308 -354.503 95.7922 4
-196.545 -226.365 -437.98 36.4438 4
1448.01 -1971.73 498.449 77.6799 4
1264.76 174.377 147.097 90.8945 4
-1130.14 -151.119 205.627 72.6655 4
-868.553 -415.007 60.9896 63.1969 4
127.71 -908.002 711.822 68.2264 4
-879.216 -38.2079 -332.719 104.788 4
-860.319 414.726 163.762 77.8206 4
1188.26 44.001 480.898 81.5367 4
-2095.43 -1719.64 -36.3447 71.2006 4
190.462 144.282 656.107 66.3771 4
382.868 -493.852 -380.962 89.2662 4
289.515 -26.7913 -714.104 65.3538 4
-254.885 164.832 -417.027 53.394 4
647.996 193.232 172.016 62.9449 4
936.578 1252.28 599.657 54.1834 4
1060.61 805.604 797.605 49.8566 1
-1020.19 564.943 -1815.01 72.0216 4
-1916.84 52.0698 -671.123 81.9574 4
1039.23 180.444 61.5762 47.3294 4
956.492 -507.603 -294.717 52.9297 4
34.8243 485.73 128.382 48.1132 4
1320.83 -137.557 -57.6925 39.6482 4
1216.45 -1014.76 446.619 50.4406 4
802.707 -866.51 307.891 79.2598 4
-1113.87 611.578 368.438 60.8712 4
391.292 1217.14 1048.53 65.2027 4
85.2879 -813.662 298.738 21.8949 4
1388.95 -318.121 948.791 70.3758 4
1726.15 386.981 -5.5177 72.7854 4
220.729 -113.349 -756.443 74.1978 1
-799.243 270.587 -909.24 84.4509 4
2210.37 -965.948 613.4 34.2543 4
360.539 448.744 259.397 49.7078 4
-886.397 1079.86 1236.65 64.681 4
-667.927 239.295 1069.59 52.8535 4
427.178 -291.869 -435.812 -16.5137 4
-303.664 331.189 -3.43718 83.1283 4
-274.06 522.244 792.606 27.5181 4
261.752 793.734 -1047.39 12.1383 1
-92.6652 -807.895 326.242 79.9022 4
-1115.32 -732.283 184.054 56.8932 1
2009.53 343.556 -990.602 88.1456 1
-31.673 65.2941 296.087 66.9027 4
-1936.19 -401.04 -125.782 79.6209 4
464.901 -1681.65 239.874 46.6002 4
-1505.81 586.028 -221.077 61.8351 4
-439.597 -847.882 -50.4854 74.0013 4
-1812.83 -374.619 -1046.29 53.0519 4
-1497.56 -957.371 106.458 57.9773 4
-766.302 521.544 -241.625 39.6552 4
-435.238 -1351.74 42.1704 66.9746 4
1260.89 40.4553 -361.256 12.2432 4
-963.142 -148.733 335.997 38.4095 4
-950.383 -855.087 -447.856 71.5299 4
1213.9 -675.941 -655.714 88.1022 4
-183.85 1141.73 -1112.5 67.1222 4
4.47697 231.431 627.574 48.3587 1
-222.261 1164.73 263.734 60.4546 4
-1385.84 -341.037 -261.104 102.139 4
-1667.57 508.186 535.156 64.778 4
-755.901 -515.733 -379.265 62.5661 4
-961.369 -371.88 -531.855 55.9976 4
-119.124 148.059 -708.181 58.4509 4
-52.5108 -748.926 122.018 74.3954 4
204.658 771.751 -288.355 62.9659 4
-1163.48 660.875 642.164 22.3286 4
1273.43 -130.005 766.106 35.171 4
-918.326 -96.1576 591.232 37.4525 4
-252.206 401.761 348.788 58.0747 4
1500.25 -550.148 -160.709 61.1921 4
721.163 -482.975 631.12 30.3435 4
659.47 -191.88 -502.083 46.363 4
165.792 -300.887 308.786 45.2958 4
722.113 -1023.49 1232.08 85.1132 4
1315.96 23.7369 223.516 46.8284 1
71.3005 -314.795 298.043 56.6729 4
820.895 -1482.9 457.168 42.4604 4
364.187 -7.08475 -1068.78 73.7151 4
-449.729 282.471 773.191 68.6891 4
107.228 -360.526 -690.869 62.2411 4
-304.194 -419.406 164.477 52.8905 4
-598.1 -676.839 -673.916 54.3925 4
474.959 688.215 276.366 49.6242 4
1117.67 -765.069 -170.7 56.7249 1
-976.854 1041.85 310.603 73.4291 4
-901.888 371.654 -273.89 69.2802 1
920.693 -569.885 -412.133 57.892 4
773.442 822.082 38.4383 69.333 4
332.884 -1220.33 309.131 71.8958 4
982.587 906.014 71.8713 66.5128 4
215.788 -220.901 609.065 90.3391 4
-642.499 691.42 1402.3 75.4702 1
176.048 -59.0732 860.07 78.9047 4
1149.35 -1091.97 824.647 56.5384 4
1516.74 466.52 -258.228 49.3629 1
-608.638 -150.557 -488.285 62.9299 4
-106.062 -146.472 357.51 69.7476 4
1883.16 192.306 614.066 68.0093 4
436.31 -701.199 -633.822 77.501 4
1018.02 78.1515 103.69 57.5819 4
-421.584 124.734 652.065 89.3252 4
145.022 180.267 46.0366 63.5863 4
-124.394 -724.009 566.636 94.7688 4
-704.896 -292.968 -295.872 48.1529 4
1475.51 -352.465 702.993 35.1941 4
-309.718 -104.258 -205.506 57.3242 4
149.478 -701.51 -745.475 80.2361 4
-379.758 -688.23 -338.206 43.5826 4
-1623.83 1216.55 -940.666 51.2066 4
1600.9 781.958 -806.622 56.5865 4
-1411.59 -411.03 -423.21 32.9742 1
2041.31 -612.924 916.861 73.5408 4
-1194.63 260.565 -75.5803 45.892 4
-371.28 -457.41 217.165 65.7591 4
249.361 -984.092 -44.3268 88.6682 4
62.2042 379.827 272.93 46.5331 4
390.372 717.774 -375.917 68.4447 4
-1115.5 -711.25 1042.98 47.4994 4
701.995 359.698 109.733 59.014 4
-166.914 981.172 553.25 49.0194 4
-718.082 -693.741 597.38 79.5581 4
26.7728 -734.285 -798.755 103.21 4
250.719 1091.65 -172.679 49.2309 4
-332.513 848.198 962.849 58.1909 4
986.456 -1077.58 -334.834 61.8305 4
-815.492 927.903 -822.419 88.2401 4
-441.297 -790.364 1145.56 58.5462 4
503.088 259.438 34.2708 42.7448 4
-1329 -275.86 853.407 80.6474 4
-1229 414.494 372.37 78.9055 4
-1200.54 -994.623 -1335.03 99.8479 1
488.132 -54.847 -4.84955 31.0418 4
-2214.38 -131.296 -1217.83 61.3419 4
472.695 1384.2 -451.067 51.8014 4
-1046.28 13.0444 -94.454 80.7221 4
-1851.22 745.987 495.132 58.0803 4
-922.941 -534.605 -367.184 44.1786 4
572.749 -347.224 -323.556 81.9949 4
-820.255 -758.87 158.672 34.9997 4
-671.794 835.3 176.375 60.5588 4
1925.5 658.579 430.895 60.9686 4
-398.501 -397.712 1241.5 44.5661 4
-417.243 796.189 -804.731 91.2855 4
1684.73 -819.78 883.56 63.8189 4
760.817 1133.42 -677.322 61.3201 4
266.138 -582.838 -575.287 73.4575 4
1836.32 -868.514 -10.9377 62.7022 4
340.128 130.907 736.375 86.0284 4
-609.004 -965.558 648.892 58.3395 1
609.808 -675.725 -19.3568 82.066 1
854.797 -503.285 365.619 57.8831 4
-612.157 -723.828 297.551 21.6126 4
-2104.07 -282.377 -117.685 40.5414 4
1929.17 109.671 -968.975 66.4239 4
618.648 -789.438 851.757 66.0443 4
92.6287 -274.156 73.1767 47.1554 4
-2047.75 -5.28899 146.299 83.0319 1
-591.583 167.71 702.788 80.6827 4
901.142 -1001.51 -389.504 70.1427 4
1027.11 -140.88 -1048.79 59.827 4
1066.66 -14.236 -704.577 75.7449 1
-1135.5 -8.85504 -204.148 67.7531 4
1091.72 946.681 -64.5267 65.1112 4
-673.144 5.41904 -271.421 34.1563 4
-211.068 1174.36 204.542 62.9244 4
503.697 87.2622 407.554 55.2149 4
-282.92 20.1799 692.422 63.5476 4
334.224 758.713 -1125.71 35.451 4
224.514 -63.7302 -248.722 80.4309 4
1836 -380.477 5.13855 78.7854 4
-59.2561 256.007 871.056 41.9148 4
-1445.89 1912.89 -1084.99 77.3966 1
76.0508 -1012.75 -438.972 33.5929 1
-23.1112 666.279 -153.319 58.7658 4
-1223.37 434.568 350.802 67.3293 4
-1386.31 -474.798 950.574 46.4764 4
415.234 459.081 385.78 84.5231 4
636.835 713.141 230.002 78.4742 4
174.55 608.599 -236.795 96.258 4
-1228.69 -1273.31 225.831 62.9769 4
224.136 -553.024 290.792 112.214 4
1060.04 271.41 123.358 81.2097 4
-370.679 -1001.29 -141.425 59.6044 4
-1233.12 -324.385 -234.779 52.3374 4
-278.31 840.961 598.196 68.2731 4
456.662 193.693 434.205 73.8643 4
380.085 6.39372 53.6257 63.0404 4
2099.4 -482.718 -906.051 103.273 4
-485.597 718.121 -74.7281 71.8339 4
167.758 239.378 227.257 87.7981 4
-63.1236 154.428 216.396 47.4145 4
1675.89 -882.573 -146.942 77.3623 4
-31.5774 486.424 675.178 49.5276 4
2777.47 -451.425 -357.447 103.321 4
1116.04 165.849 774.329 76.1584 4
93.6936 -1230.48 -565.731 56.2778 1
722.175 171.255 60.0037 45.5671 4
-150.528 490.325 -273.785 57.3783 4
368.74 291.507 200.775 70.7246 4
869.384 -872.464 -1457.38 64.6455 4
383.443 -386.486 -2.43006 61.417 4
1339.02 -590.915 -1225.27 53.6669 4
-90.3508 -1084.99 -161.168 53.6019 4
775.679 -1246.9 722.826 73.1804 4
-563.096 1644.99 378.927 73.8547 4
-549.609 -450.644 401.353 55.6465 4
542.171 -117.068 -352.371 49.9483 4
-1577.54 -83.299 795.358 63.8427 4
-50.33 -624.343 -384.633 74.9866 4
-393.405 -518.753 -1613.53 58.6783 4
587.131 1823.87 -377.081 91.1652 4
-633.188 767.548 689.25 34.3482 4
92.6295 -136.852 -795.047 36.8386 4
1221.8 -42.364 -413.788 64.6198 4
-283.348 322.087 146.508 41.3587 1
-1565.57 330.654 591.793 101.4 4
-152.442 -553.018 724.251 51.4357 4
-535.229 -1173.92 138.723 40.1639 4
-587.95 330.193 278.193 58.1889 4
-400.974 14.0741 -379.576 81.9879 4
591.018 82.3272 722.403 89.3342 4
2292.43 -988.686 115.725 35.2808 4
-647.174 30.0293 -395.223 71.7922 4
-308.647 683.908 -242.135 56.8713 4
155.21 140.175 348.406 82.5795 4
-485.215 -705.595 -499.758 33.6613 4
617.969 965.402 -1309.05 86.1569 4
843.589 -1502.64 -707.116 46.9066 4
-1966.19 -588.679 555.714 27.3652 4
-1061.92 231.374 57.4845 94.6085 4
455.998 -1092.09 133.206 46.5036 4
995.173 65.6716 -1640.18 70.7996 4
348.086 112.691 -392.896 57.2952 4
905.555 -207.254 786.964 55.3803 4
1010.37 363.236 611.796 43.2787 4
-21.6204 597.795 -710.765 57.4144 4
92.8844 197.554 -1225.94 46.9015 4
-587.675 -1060.96 842.94 62.0869 4
-111.487 -837.696 67.7784 45.7419 4
-881.541 919.851 225.422 64.8547 4
656.172 1362.3 -530.052 86.8334 4
-738.307 -455.53 -161.697 62.9017 4
-1948.67 187.582 -393.548 69.1528 4
581.406 -762.816 -118.748 49.4001 4
554.616 686.316 238.253 43.6406 4
-337.425 -330.048 -523.396 44.316 4
-917.379 -794.32 738.64 83.2548 4
1278.33 786.357 659.561 39.9151 4
724.371 -131.924 -11.4344 51.9952 4
747.251 318.968 -238.084 77.3527 1
-595.953 -280.892 406.382 77.7746 1
-896.629 58.8007 520.649 16.9128 4
-1669.44 347.956 -296.324 50.3357 4
-1153.19 -581.095 275.928 104.255 4
2441.12 -261.522 -718.626 45.9398 1
112.247 160.961 -988.284 76.8904 4
-505.04 -975.656 -1722.04 47.8622 4
1120.07 272.445 1049.24 60.2475 4
-1344.32 426.595 -684.963 58.7652 4
760.468 -408.577 -130.009 91.9299 4
-743.247 -320.969 -208.749 82.5157 4
-279.416 -413.406 -37.955 87.0121 4
-281.741 -464.142 -354.127 77.1587 4
273.972 -682.905 -325.414 47.1042 4
1518.19 478.627 -474.587 61.4057 4
1150.55 -11.0211 -485.951 54.8203 4
-127.297 -161.203 385.91 52.7691 4
-1258.4 -919.021 612.303 71.6484 4
-108.337 -271.506 -1059.94 33.4149 4
91.1912 -481.78 213.314 81.0791 4
-1168.9 454.325 -318.675 78.1301 4
882.263 1097.09 -181.244 53.4241 4
835.95 -395.873 -378.123 63.7195 4
-1645.55 -1040.6 -17.2499 35.035 4
-1262.25 -1511.83 29.1812 59.2825 4
-2258.81 -79.794 273.852 39.8474 4
-1769.66 1210.46 44.7672 45.2353 4
-66.0773 203.637 66.5402 63.2568 1
2154.15 -1412.17 1336.7 34.3187 1
-852.88 776.423 -240.914 58.893 1
383.729 -180.212 664.563 55.0099 4
-989.19 646.351 -273.969 74.3776 4
-844.204 -713.47 74.8954 20.3125 4
504.031 -152.644 -898.849 65.2012 4
-872.823 -776.86 174.345 67.8728 4
387.198 -114.297 -239.678 65.291 4
-2062.92 850.995 881.248 44.0188 4
909.242 180.531 -269.072 74.3466 4
-694.97 574.833 80.4701 53.2706 4
44.0037 -185.585 -492.978 58.9366 4
-727.286 -786.962 -372.318 32.8303 4
131.226 -393.428 83.1363 72.5207 4
-177.963 152.561 242.671 69.9208 1
515.874 554.034 34.03 68.8174 4
2106.52 1560.91 -993.588 62.8883 1
348.411 -1005.03 -164.621 97.3312 4
-264.401 706.542 -644.553 76.9294 4
-1861.07 401.102 -1679.67 46.1828 4
-817.249 -317.815 863.908 74.7725 4
523.184 -607.832 -381.901 52.8011 4
-1168.13 1722.84 -723.721 49.3572 4
268.531 330.144 206.735 59.5228 1
-1011.89 -386.671 -722.173 54.6324 4
-878.936 -177.055 407.787 51.4886 4
1182.36 385 311.707 64.1568 4
131.003 538.588 -411.698 57.7217 4
-30.0794 -203.539 276.163 85.3734 4
-6.6538 -419.801 152.78 63.5421 4
962.232 -490.151 338.3 66.0046 4
-116.061 -771.48 -892.22 40.1484 1
-1318.02 83.895 210.771 86.1696 4
-714.06 -246.067 947.463 49.7772 1
605.435 -715.07 -244.828 73.8747 4
897.616 1101.07 951.458 35.8907 4
-459.204 -884.541 -714.616 31.6635 4
-883.464 276.097 354.652 30.7191 4
391.513 -553.848 -897.969 80.3791 4
-419.831 415.347 54.6518 49.1821 4
2358.34 -556.235 1206.09 87.0354 4
-1016.79 -852.439 308.378 56.3679 1
473 27.0982 -47.6703 79.1025 4
-988.056 -65.539 4.11825 60.8312 4
-1204.33 217.141 38.063 51.9316 4
-920.855 -150.633 1059.32 57.1522 4
778.121 300.22 207.976 50.217 4
-150.089 35.7207 380.936 -0.420189 4
9.36887 852.158 161.548 91.128 4
-683.895 27.319 -1280.88 72.8044 4
191.035 -616.834 217.641 52.7583 4
-763.96 895.636 -306.264 74.2242 1
-87.3527 312.044 115.203 76.7839 4
-244.351 -651.964 675.507 51.3943 1
1007.77 -300.407 -278.03 49.8084 4
1480.08 743.954 837.242 69.0242 4
1989.8 -383.905 837.559 21.1233 4
225.201 -671.335 -522.738 64.4541 4
121.036 -824.171 662.414 56.7792 4
1193.7 1267.53 -1535.31 20.9609 4
95.4416 122.069 -702.504 68.5293 4
-2031.75 413.681 684.337 56.4365 4
-238.904 1991.4 -563.15 20.8133 4
-620.094 592.608 655.712 56.4983 4
-1101.35 197.09 580.492 26.6649 4
1006.05 535.653 -112.436 76.8972 4
529.974 -174.302 -751.493 58.9859 4
694.18 396.617 289.284 75.0086 4
-796.861 1201.34 -53.6893 89.0482 4
808.977 242.89 -582.1 56.9206 4
-139.163 858.799 -301.461 85.1186 4
507.965 -733.169 620.823 93.1584 4
461.09 746.056 130.76 79.2363 4
1118.46 -924.251 337.306 48.9285 4
1172.11 1204.09 -531.459 65.7899 4
1705.12 53.9701 1385.58 80.5636 4
-375.289 171.371 218.908 54.668 4
-877.155 540.875 -189.365 18.24 4
-1047.36 1799.85 -1088.13 55.8194 4
217.764 -914.683 -151.886 55.0709 4
-549.856 118.243 941.274 103.473 4
1279.63 1274.88 432.793 52.5331 4
946.579 -1185.02 -507.508 76.1047 4
-593.081 63.9262 257.665 93.3923 4
261.643 951.075 -1245.65 43.1609 4
1122.66 -494.076 408.517 81.5511 4
683.287 530.712 1139.51 51.0881 1
680.993 -415.916 362.727 14.3607 4
1181.91 298.454 1107.66 38.8843 4
2110.47 314.04 -78.4875 62.1444 4
787.705 -999.891 -1005.36 42.9856 4
-517.005 1237.77 71.3851 35.2925 4
87.0387 -478.615 199.472 35.9075 4
751.39 -800.454 14.6896 41.293 4
227.899 679.647 547.624 49.2547 4
-1229.81 115.56 -345.564 60.3107 1
-203.061 -829.608 -801.476 72.866 4
614.201 178.427 -894.555 62.5683 4
-1049.33 385.819 89.1855 34.8507 4
2283.38 -442.919 -108.422 65.313 4
1638.02 -261.837 -177.139 78.4354 4
-350.748 1178.68 -374.703 71.3106 1
1229.46 669.394 123.442 35.1246 4
-93.7104 331.339 92.3366 37.9766 4
-184.008 -295.956 -1133.15 90.9646 4
-312.292 -806.554 -809.518 79.5927 4
429.107 808.534 -386.523 36.3712 4
988.744 -459.513 -248.288 53.228 4
1449.23 -504.088 717.417 86.1413 4
-698.188 -177.812 -727.171 61.1268 4
-1697.54 -312.724 -1096.68 56.2177 4
316.171 -493.363 -378.198 57.3196 4
1040.93 -1114.46 195.19 81.6762 4
-1645.17 764.016 -111.603 75.4289 4
-133.337 65.8619 -622.416 45.412 4
-707.561 50.8772 -316.766 47.0025 4
407.316 -487.087 -157.41 70.8695 4
-1164.89 -509.877 -780.242 47.856 4
821.569 -332.859 -491.173 67.4802 4
263.989 -1124.36 251.529 86.0551 4
-187.467 1106.15 -266.197 13.5736 4
-72.8791 -58.6161 149.381 78.6466 4
-1529.98 -1856.07 1282.61 47.31 4
112.322 289.672 -741.596 42.0435 4
583.759 208.22 210.701 60.7828 4
-2.93378 765.677 -115.729 84.9534 4
124.626 -380.556 159.213 33.4098 4
-358.114 -143.624 -175.128 86.6986 4
1563.94 -1145.34 -62.9938 83.3168 4
-541.88 -19.1759 321.079 57.1741 4
527.272 128.479 -373.557 58.1483 4
-1223.36 -119.087 513.957 27.6791 4
-338.471 153.613 -481.059 16.1031 4
374.53 -878.922 524.075 53.3455 4
-1523.36 268.778 348.819 74.9867 4
864.444 814.119 721.754 75.4044 4
2145.18 1095.99 -44.6885 43.9059 4
-599.7 341.608 164.792 95.7466 4
-800.487 477.824 300.792 60.222 4
9.74457 365.63 -45.4125 62.941 4
-1070.86 220.784 -686.559 75.1798 4
-1942.18 37.1161 -179.368 65.8264 4
1700.87 -636.112 -607.263 87.201 4
-108.203 419.069 -309.614 54.6401 4
-887.709 -128.63 111.878 29.9875 4
-417.205 -599.994 -695.654 56.72 4
448.41 634.138 12.6788 33.2188 4
-1132.37 2353.32 283.773 87.4691 4
462.716 167.59 203.856 45.0351 4
-909.951 -630.601 -1.36771 100.336 4
-847.769 75.8471 651.565 65.3562 4
-74.0621 -293.257 -25.8235 37.1982 1
610.772 539.031 100.245 32.416 4
-174.661 -717.039 -486.46 90.8262 4
240.235 427.981 523.718 67.7216 4
733.735 -704.962 154.151 71.4589 4
-1347.56 72.4401 -318.621 86.5854 4
660.885 525.345 -997.26 78.0952 4
237.082 -269.916 1014.53 53.2063 4
731.359 119.769 176.784 61.9062 4
-1408.99 990.398 -40.7293 50.9952 4
-2074.47 717.85 286.492 82.7403 4
-2268.78 -523.601 -81.0521 60.2436 4
-1008.78 -1015.83 -63.2128 107.861 4
359.191 556.658 1058.61 82.7365 4
-762.508 407.307 -959.164 58.189 4
-406.495 -502.266 -412.008 87.3383 4
997.946 -256.068 -81.151 28.5284 4
380.426 86.6174 -155.506 89.3246 4
-1383.66 -116.127 499.204 4.14312 4
-759.349 880.154 -311.976 26.5378 1
314.656 969.064 766.574 86.2992 4
1937.5 -80.1912 419.163 52.6245 4
-1091.49 -164.461 101.925 69.5338 4
-268.713 -314.137 38.9708 44.6881 4
-1196.79 595.495 -333.794 11.6122 4
333.725 -1784.04 1241.87 48.6758 4
680.744 -1007.79 377.971 39.043 4
1053.35 56.181 609.167 98.6243 4
1180.55 432.858 822.013 28.2562 4
1939.58 -260.003 -365.086 44.0736 4
-777.734 368.333 515.473 56.2987 4
566.939 227.492 914.867 82.6821 4
-2034.23 -46.0247 183.785 83.1303 4
1483.39 124.526 -722.52 87.1178 4
969.331 -49.8131 645.427 64.7543 4
-95.2993 -70.3437 70.1872 31.3617 4
127.595 573.778 -486.185 71.4699 4
658.768 -548.036 -79.3893 18.1249 4
-36.8639 -290.176 251.44 60.7063 4
-500.962 358.809 -584.262 67.0819 4
1172.83 69.1729 -647.907 54.6451 4
611.678 75.439 -682.716 65.0006 4
-1886.26 171.452 257.29 72.0299 4
-1909.89 505.59 125.644 59.94 4
418.362 555.474 1451.74 30.845 1
311.699 64.7137 -721.699 25.0545 4
-316.801 -725.536 209.701 65.6227 4
-971.717 305.592 413.074 38.9667 4
1245.02 -476.332 -110.453 53.5453 1
899.096 -716.928 -300.171 52.2977 4
590.936 396.262 920.212 79.5024 4
395.754 553.734 431.295 60.5309 4
76.3412 590.889 37.5111 38.853 4
411.987 -74.055 344.229 83.5634 4
-1844.61 -738.921 756.807 49.5918 4
1647.22 726.95 -52.2811 56.091 1
-830.875 -828.86 -158.467 49.2693 4
-258.835 1328.23 -180.59 90.7565 4
541.838 -734.685 418.394 49.042 4
808.365 -268.628 -246.161 27.3352 4
1048.88 -1183.14 297.467 82.1318 4
-819.417 1191.35 -250.567 81.9873 4
-460.405 -1097.31 -434.649 29.7876 4
1664.64 336.372 253.762 54.2474 4
-25.0676 207.389 1312.17 66.8126 4
-1241.64 -549.972 795.547 92.8439 4
267.278 -305.05 -836.21 89.6825 4
683.018 92.2407 -603.728 74.8352 4
831.35 515.951 -933.756 46.4895 4
145.947 -3.10039 375.91 54.35 1
1349.17 -435.99 -662.076 28.9889 4
-1261.85 -1412.39 390.121 32.9411 4
1926.7 -539.273 -598.179 78.2762 4
-674.664 -652.457 513.474 52.8098 4
-199.851 900.007 -470.427 45.4005 4
219.76 1004.03 -596.511 77.3451 4
-498.807 10.4901 -1167.05 22.6039 4
-827.87 492.011 124.192 71.4247 4
-1510.78 -762.494 -12.4963 79.2642 4
-800.304 -534.642 191.341 43.0635 4
-958.761 389.223 662.288 29.4242 4
710.107 -633.837 -524.032 52.2074 4
-1869.74 -616.849 -77.6033 49.4675 4
-19.5533 114.823 -661.312 84.86 4
-1034.92 216.062 398.051 77.6114 4
1373.28 478.024 -304.824 79.7695 4
98.6203 1162.35 -1138.94 31.8746 4
734.541 -380.241 774.049 38.2932 4
-70.0759 1420.45 816.188 67.8579 4
1035.79 729.041 1409.53 42.3596 4
1108.48 1720.06 -86.722 76.455 4
303.711 -411.306 651.215 65.0621 4
-616.963 -274.944 -645.386 82.5653 1
478.335 -454.019 -655.767 72.4364 4
1157.64 437.622 634.906 89.4531 1
470.127 933.823 -232.687 88.4214 4
458.404 294.173 162.061 42.8828 4
295.118 -1009.12 -220.482 65.2727 4
-263.053 -604.016 962.248 16.2913 4
1062.09 140.295 -506.999 92.8644 4
-1684.37 -400.509 -685.728 85.1655 4
420.976 253.983 373.082 62.2159 4
-1415.07 223.01 952.828 55.141 4
-53.5496 698.905 -426.521 78.6385 4
-1417.91 443.585 1687.09 74.5862 4
971.847 -656.433 -297.08 78.7418 4
1718.39 -983.046 1091.83 80.9075 4
-408.889 147.02 671.028 77.161 4
92.9971 526.438 660.373 73.1866 4
-1131.16 1317.26 429.015 74.498 4
289.916 53.6106 32.9356 78.9322 4
-434.84 329.324 -308.926 73.9155 4
1451.19 -546.673 548.848 68.4103 4
-1923.83 -232.944 -998.62 28.6806 4
-737.807 79.248 -215.488 37.1791 1
-1014.8 65.8327 204.721 40.8881 4
-227.691 -605.883 1508.67 69.3167 4
-329.847 -1663.99 832.215 82.642 4
1242.36 700.923 -829.463 21.7099 4
-1683.47 381.4 80.709 53.7709 4
-1741.77 -118.064 655.73 92.5245 4
-714.888 167.591 554.486 63.0991 4
-639.826 -297.365 507.564 30.2221 4
652.82 1462.71 -573.517 85.0038 4
-830.033 560.724 1661.2 92.6572 4
486.22 337.581 -349.362 87.8648 4
53.8993 -430.855 -813.126 34.1443 4
1790.06 863.883 -510.469 69.7964 4
1496.43 297.884 -692.341 40.4814 4
-1068.04 -712.844 235.208 75.2247 1
454.624 -455.757 -446.759 73.1768 1
452.541 -175.681 969.751 58.3983 4
96.4801 -121.971 -72.6979 24.5633 4
-847.904 1061.01 -982.873 49.3956 4
-817.35 -1253.61 370.865 15.497 1
907.149 -342.521 -170.335 80.2424 4
1354.9 -515.224 975.93 46.6857 1
157.427 240.648 -419.845 92.8076 1
742.491 366.751 -1677.61 68.6583 1
-546.844 612.024 -218.379 118.25 4
881.207 -773.43 -341.692 75.8668 4
-75.7629 40.4424 644.736 58.993 4
-605.977 913.251 -762.195 80.8158 4
-1180.49 169.469 202.554 74.8025 4
56.1709 -258.855 698.348 60.0273 4
-914.386 647.117 1331.5 57.3949 4
-414.852 -541.875 3.09727 48.1874 1
1712.78 -681.296 -1387.34 56.0909 4
138.159 85.5757 351.054 57.5799 4
-1604.49 1135.78 183.567 77.6403 4
-602.739 -815.711 1404.37 59.1704 4
-18.9884 -329.352 521.79 65.6575 4
-357.685 -293.649 295.217 67.4088 4
308.928 648.397 -614.938 31.7317 4
1314.46 -1120.6 -1060.08 87.6236 4
-0.119226 760.657 202.376 80.2717 4
-184.169 549.71 -1248.46 52.2791 4
1568.74 -214.31 -633.583 56.1866 4
495.687 -677.406 -782.981 42.435 4
308.011 -344.103 -966.044 47.7618 1
-552.458 0.00776626 -561.887 61.3956 1
725.919 -238.078 253.641 80.5668 4
-927.327 233.123 -876.679 62.5461 4
136.711 398.612 -557.279 61.3581 4
1868.5 504.915 -6.5895 47.6402 4
1165.87 699.26 -14.1702 82.1684 4
-841.954 -492.734 447.796 37.4707 4
295.812 -225.924 -252.717 71.2338 4
-1677.29 -428.249 439.606 71.9081 4
1887.25 -734.543 764.377 81.7897 4
-238.761 1020.28 -310.81 85.7798 4
-102.833 668.407 29.6528 49.5823 4
855.988 -485.81 328.683 74.7771 4
-308.877 256.219 387.199 61.9585 4
1532.3 681.198 437.061 82.0357 4
318.671 170.012 -383.607 30.3437 4
756.537 -106.113 456.911 55.3777 4
-1098.44 239.728 -136.907 62.1628 4
-667.123 -207.244 382.399 53.9003 4
-36.0336 23.9288 -715.385 78.8399 4
-1425.83 -206.677 560.327 64.1761 4
-1798.41 -1382.03 -664.634 95.0143 4
2229.34 -68.6495 693.525 45.4198 4
118.649 -53.1213 -445.02 23.0338 4
-473.1 -2407.94 785.444 49.6398 4
-347.987 -707.016 1031.75 31.5503 4
-326.466 -249.501 787.817 90.617 4
-388.679 -428.13 874.839 63.5953 4
-649.118 163.465 24.0956 28.6011 4
762.118 -80.3983 -169.188 75.766 4
-325.095 -565.682 -111.529 73.3997 4
429.047 -494.031 605.019 79.5477 4
1937.39 -134.727 435.866 63.0232 4
984.184 243.477 -774.268 30.9762 4
650.793 -493.909 428.014 51.2443 4
-734.5 -862.735 210.041 27.9815 4
338.817 -111.905 142.67 66.6597 4
233.444 162.246 -4.85648 71.4564 4
-421.584 353.897 -814.882 48.5814 4
345.785 880.528 794.697 85.4228 4
251.434 207.434 58.3219 96.7145 4
809.387 57.5967 -1001.34 49.5828 4
421.597 502.478 -135.394 62.0909 4
6.64362 869.637 709.273 44.4848 4
125.204 35.3582 702.608 56.437 4
954.086 142.325 -358.61 83.5624 4
-1001.75 611.785 1092.22 61.9606 4
-814.398 -350.66 22.5888 55.8437 4
-287.681 -283.048 310.249 56.4484 4
-1603.35 596.81 1119.44 107.487 4
2125.58 594.932 7.14387 54.5437 4
1493.73 163.878 804.431 42.2648 4
-414.68 -2215.26 867.797 72.1074 4
-448.247 470.595 -486.595 39.7915 1
-26.2128 1380.08 -83.8373 48.3402 4
471.209 -38.4671 -677.94 66.175 4
-2664.93 469.059 75.2627 62.8588 4
408.18 388.104 272.161 60.834 4
516.986 -643.428 -143.865 34.4611 4
-399.668 -1622.16 83.0187 85.4145 4
698.715 -612.348 -165.236 65.3883 4
390.768 -408.506 -590.237 75.206 4
-316.662 -416.428 744.953 50.2449 1
1163.19 -165.384 -248.344 73.1802 4
306.597 -68.7577 -199.166 119.27 4
1450.76 344.318 639.76 48.3117 4
-1914.31 960.052 135.359 69.8511 4
-784.244 -710.812 -711.621 56.4336 4
-75.7059 -796.628 18.6632 51.355 4
1418.13 1278.19 198.839 53.2928 4
747.528 -1452.46 -685.803 23.0302 4
25.4459 513.901 524.793 74.8892 4
1619.84 -56.0025 -514.386 82.4578 4
-462.743 -359.107 519 69.5284 4
1391.82 -198.844 -122.754 50.5597 4
-1627.45 834.499 -992.96 77.5394 4
195.448 -194.21 -752.048 26.4104 4
-102.719 635.398 -762.326 83.3812 4
1378.33 228.25 495.516 80.5605 4
249.416 -152.948 -278.886 62.1483 4
1509.61 160.345 132.84 54.2291 4
-655.845 18.0191 -727.965 53.9641 1
-1827.95 777.071 117.168 49.4968 1
28.2833 -449.71 -161.241 75.008 4
1465.65 -772.753 -1065.19 61.0909 4
-271.889 946.968 -191.114 56.6739 4
1182.46 516.584 -326.815 64.4905 4
-62.4389 -427.368 909.747 12.7978 4
-588.809 -1128.35 1159.66 82.3877 4
-314.184 673.366 299.533 78.793 4
-695.972 801.886 -863.011 91.4556 4
1446.85 -722.377 -984.087 93.3696 4
469.567 1834.46 -371.134 67.6652 4
-396.005 -187.33 -496.465 66.6566 4
-1238.05 202.672 -354.02 52.3575 4
1068.33 1652.22 -175.001 70.0828 4
1219.56 725.267 -789.239 46.2107 4
1596.92 -526.775 772.682 80.9004 4
704.508 -230.909 103.284 48.4349 4
92.6062 -883.561 273.975 61.4671 4
1507.96 -567.783 -145.975 38.4037 4
523.947 602.808 -947.982 95.5152 4
-370.171 67.1401 662.222 91.6222 4
-385.666 -1151.33 208.241 78.6699 4
-235.146 -696.982 -408.806 37.5717 4
-2962.22 805.432 -739.279 55.7397 4
-580.116 1527.88 870.92 68.1255 4
-355.497 -256.941 89.5479 45.9354 4
-240.625 -171.727 -68.3457 77.9825 4
1254.46 -353.216 153.3 33.9018 4
679.241 735.992 -67.8645 68.6186 4
-2500.94 540.547 849.261 68.1514 4
2248.34 1284.68 -770.657 58.4264 4
156.856 608.936 491.948 87.6068 4
-448.282 121.219 547.564 50.2099 4
-469.667 -602.57 31.0326 73.7768 4
1441.75 -45.6931 405.753 58.9407 4
520.787 -878.039 -416.737 63.4185 4
1494.22 -1040.35 -819.061 70.7891 4
-310.811 1567.51 280.157 20.4747 4
-1110.36 338.75 -298.409 27.7358 4
366.326 76.8349 -1228.17 80.6768 4
-91.9642 -390.811 -406.097 66.5461 4
-1297.43 2362.19 -192.574 30.108 4
1357.74 -1442.22 854.965 76.6494 4
-300.022 -336.055 -165.976 90.592 4
1865.64 331.121 -115.519 86.1217 4
439.412 -240.137 203.848 72.966 4
511.951 255.522 -621.116 77.1452 4
538.777 -582.199 -693.971 25.7406 4
-181.851 1691.2 250.463 54.0675 4
560.319 654.082 1065.86 69.5807 4
195.96 -736.202 -780.447 61.4579 4
627.889 859.722 299.951 60.6964 4
624.252 -401.1 -529.852 50.9835 4
-528.053 -460.561 -40.9016 52.0902 4
-193.546 -619.698 387.747 51.6876 1
-1951.84 301.553 665.01 16.7353 4
578.508 -593.594 173.087 43.8035 4
180.573 672.303 561.42 54.0046 4
-1417.76 940.496 -418.799 63.8283 4
909.079 1176.4 -459.099 70.5547 4
1348.68 1248.19 -920.49 47.3127 4
179.831 253.877 420.413 46.9035 4
12.3924 404.57 504.053 31.4757 4
-1173.07 -13.5667 893.992 54.1055 4
57.4805 -49.6504 1113.91 66.4309 4
692.697 510.244 -18.8083 81.8485 4
396.167 -58.2647 525.316 48.5203 4
-1605.46 -321.504 272.888 74.5959 4
-1625.78 -66.0092 -1283.02 74.6028 4
490.623 -55.6244 317.519 91.7133 1
-585.635 882.999 -144.329 36.4471 4
1747.95 -116.542 226.471 56.5103 4
-1202.55 -36.3509 -32.9219 44.0118 4
-1323.1 -748.429 873.045 83.7737 4
-296.929 -217.483 -632.072 33.1296 4
341.47 61.3714 -727.005 94.3432 4
-785.294 620.465 939.223 46.0324 4
-297.311 89.3836 195.454 53.0788 4
910.414 -511.003 -4.58274 84.8292 4
343.522 -6.90146 53.2884 80.6429 4
1292.96 441.179 -20.5432 67.2257 4
326.038 -278.552 383.18 74.333 4
-636.808 -515.225 -230.648 42.7423 4
-1333.52 1085.78 957.302 54.4066 4
789.904 -1337.49 -328.11 81.2191 4
-1419.85 552.106 81.7467 50.143 4
365.366 720.117 -1314.96 48.1529 4
-27.9928 273.324 -515.09 49.7554 4
-602.262 -964.88 -14.3278 68.687 4
-1200.76 909.925 253.056 40.873 1
1864.49 -1273.24 -2020.76 47.7002 1
-763.351 -33.2177 704.772 51.4338 4
-115.195 -925.597 1003.67 10.9057 4
-467.013 736.798 319.487 43.6806 4
-849.453 609.083 -1344.28 86.9711 1
13.742 -323.595 -60.4057 68.2823 4
-1261.43 -647.086 -686.383 58.9977 4
-1339.04 -21.9219 -266.056 25.5552 4
1605.43 -213.317 -393.74 88.2856 4
-300.639 -1376.56 685.135 37.6972 4
944.57 -303.71 -363.785 65.6397 4
-2345.47 1361.1 911.521 72.6189 4
-782.21 -839.805 91.3153 64.1059 4
1257.72 -432.216 847.594 64.2568 4
772.024 896.73 273.234 40.9929 4
-222.602 461.774 63.6351 45.9407 4
1928.41 227.724 197.265 74.9744 4
-1039.35 -1036.11 -232.231 88.569 4
4.67682 -113.936 -51.6317 39.7531 4
-1876.93 535.341 741.555 67.1969 4
-1379.67 -463.877 319.241 53.1182 4
-255.184 125.499 706.086 62.1881 4
584.018 762.82 10.923 44.8129 4
1171.23 82.4368 -819.067 36.4033 4
-696.893 -917.511 -1755.42 82.0232 4
372.476 967.98 206.288 25.3064 4
467.572 -184.619 -663.188 48.1438 4
-1406.18 -828.527 161.481 38.7248 4
-1812.01 -808.003 -217.975 44.466 4
1220.68 -502.987 549.463 77.3336 4
1455.75 855.106 -161.164 52.9932 1
1186.92 -267.961 363.683 113.747 4
-403.763 343.678 -835.785 79.7147 4
695.131 -809.319 -137.785 69.7768 4
1433.31 -612.936 614.127 75.6976 4
1.23426 261.232 -337.638 68.7178 4
-195.75 452.715 577.109 65.9154 1
837.594 -1081.07 -513.078 82.5671 4
1499.79 1313.61 -530.813 84.2965 4
-1667.95 219.225 -187.845 108.847 4
-72.903 705.516 286.787 72.511 1
466.303 -364.736 -670.12 85.1963 4
60.5988 720.655 -396.189 89.2341 4
-1316.93 -154.76 291.239 63.145 4
1137.8 25.4998 -277.378 36.0145 4
723.366 426.568 749.842 34.8491 4
893.68 919.716 -599.767 58.83 4
-747.948 -830.143 278.177 51.3901 4
2345.74 496.535 -717.656 67.4337 4
1207.35 -142.458 -1002.6 76.8822 1
-959.008 189.495 -146.134 55.1797 4
-1088.15 -181.167 -1514.23 45.3438 4
543.648 283.13 312.144 68.4942 4
550.348 1042.69 555.713 79.595 4
-1022.06 254.33 -585.859 66.289 4
-2609.53 291.62 1133.73 56.7547 4
-249.809 428.362 -401.978 53.5442 4
754.185 97.7019 -271.36 31.4075 4
-1150.7 612.802 -45.1537 69.1516 4
-2085.79 -1776.31 -495.755 47.6471 1
-1008.82 -664.264 -631.567 78.2221 4
1897.09 330.714 207.697 64.7847 4
-1440.42 178.095 419.877 23.8926 4
-1049.22 1066.05 260.871 44.5602 4
-525.951 -787.727 229.265 48.5702 4
-117.47 117.945 456.495 69.6353 4
-449.279 -14.2256 -308.908 42.1332 4
335.632 -815.015 610.115 64.5962 4
-548.972 -710.45 113.241 100.281 4
777.326 -513.553 1290.02 65.7798 4
595.755 -542.333 -108.89 23.7056 4
-705.248 -369.231 -61.4345 36.6188 4
-478.603 -58.3009 831.931 59.0312 4
162.665 -1335.24 456.317 70.9478 4
-675.916 -399.661 -187.133 43.7372 4
-645.023 772.874 219.822 85.1509 4
979.074 -122.27 -215.818 46.8375 4
1893.02 -7.39195 69.4963 63.8627 4
90.1438 164.82 906.516 52.2386 4
268.814 -469.204 52.0247 75.1098 4
831.835 263.757 459.079 60.4907 4
2217.03 -407.708 679.36 46.6735 4
357.771 -171.298 -727.032 74.826 4
-789.002 182.891 858.174 32.7899 4
-228.244 -470.389 -68.8062 51.2037 1
1191.73 212.018 -938.858 78.0216 4
358.445 373.249 -371.087 42.5881 4
-899.961 332.396 -725.339 56.4006 4
377.695 472.847 110.45 77.1867 4
433.416 609.978 -379.302 48.7556 4
-374.949 -102.385 445.802 93.8139 4
346.076 33.3869 189.619 76.8057 4
1141.63 -1177.15 -494.106 52.413 4
-1318.68 -200.771 180.564 15.8924 4
-122.321 -488.241 342.661 31.7812 4
571.603 276.954 -376.393 69.9434 4
170.023 -316.59 -667.118 24.8504 4
-1370.49 753.608 101.396 60.2805 4
-791.32 1018.89 -558.363 68.8035 4
1829.29 447.514 -441.511 75.8198 1
-201.602 568.255 35.4314 51.7772 4
136.367 655.328 -640.509 41.796 4
-118.285 -420.695 832.803 104.607 4
380.541 -350.05 -304.652 62.522 4
-812.366 1192.96 571.511 88.7717 1
-70.7574 -749.745 67.7044 40.1872 4
-1282.5 240.331 -102.343 27.1462 1
-665.987 -903.952 -177.804 42.2344 4
-300.748 1228.78 -861.837 72.4475 4
1859.6 1081.03 107.666 101.71 1
655.367 -359.701 -174.043 56.7357 1
-328.221 770.127 227.701 62.8184 4
-483.957 364.061 -451.176 73.4518 4
-1194.02 1176.26 -356.343 105.002 4
-202.38 -314.568 732.507 53.8741 1
-215.117 -233.934 -368.865 11.1971 4
1848.91 -960.926 -1028.75 69.0867 4
-1040.08 -531.76 964.99 28.8595 4
976.034 -629.214 543.904 63.0256 4
-1424.55 110.24 158.475 86.1298 4
1339.46 435.442 -218.099 32.9155 4
1024.22 -450.967 -508.611 41.9418 4
-1073.98 559.782 1452.18 63.7334 4
897.297 -987.937 -236.922 29.2961 4
472.524 380.552 -1069.48 68.3164 4
229 -762.54 -371.494 22.9288 4
1351.56 -463.253 -240.408 72.7685 4
1674.49 -196.08 637.089 71.6041 4
-283.065 108.02 -1188.12 45.878 4
-820.649 1107.69 108.707 66.7266 4
391.973 -195.46 317.155 79.059 4
-785.301 -141.634 -204.204 72.7181 4
138.791 -138.503 -1160.53 81.0574 4
-661.656 -607.052 1001.08 43.2785 4
1519.64 383.691 -2.2825 66.6673 4
-242.493 -954.173 -753.255 40.9713 4
319.483 1185.54 1.21511 58.6158 4
-724.031 138.1 -381.327 88.2577 1
583.996 -815.089 957.824 77.8171 4
1848.12 -348.842 -1684.82 38.0358 4
-285.113 -241.695 357.951 53.3082 1
1268.9 223.299 -25.555 63.8278 4
-363.963 450.59 951.215 55.2812 4
-891.49 -277.442 13.3778 81.9095 4
401.437 1003.29 -988.739 52.8764 4
468.972 1910.45 -1011.83 81.9352 4
369.86 886.775 -276.766 88.8912 4
1318.49 -192.678 709.44 35.279 4
-1058.15 -223.823 -73.2776 86.4278 4
-346.025 1272.89 173.597 77.3483 4
-126.634 -499.513 761.759 62.4797 4
89.342 -797.292 186.743 44.2785 4
-212.367 -170.019 -337.028 97.8423 1
-675.961 -741.894 -617.237 57.3847 4
200.658 61.8533 -392.37 64.7314 4
-484.31 -539.408 -196.961 66.1261 4
-1362.52 726.923 -165.293 61.4088 4
173.929 1017.23 483.478 56.5743 4
1920.74 926.864 173.478 64.6545 4
1446.65 -1229.91 303.253 76.138 4
260.888 -218.131 1005.54 63.6065 4
1900.51 -23.8373 469.217 46.6423 4
-2100.46 345.58 -7.19331 107.529 4
596.81 -952.993 -660.007 63.3685 4
170.253 518.591 829.687 25.2295 4
-1404.91 -262.75 930.745 37.3121 4
-49.3585 -959.251 -266.637 101.386 4
95.0193 -272.93 -888.946 68.2724 4
-77.1671 -664.43 127.504 49.0065 4
1443.51 -820.711 1123.7 81.9841 4
-88.1462 827.029 845.575 81.5586 4
-2.83501 -439.48 -240.346 49.2489 4
-242.277 703.491 486.861 55.1361 4
592.887 -1327.02 -51.6024 73.0326 4
-109.603 -218.965 532.646 44.7864 4
-120.099 1329.82 246.393 63.1937 4
1204.4 -400.558 1179.56 45.6468 4
0.961917 -604.284 -354.316 13.738 4
1184.39 1136.57 586.067 24.1762 1
874.451 240.645 719.5 70.043 4
1970.96 1024.51 -709.521 72.2556 4
-426.976 -691.379 -602.863 45.6033 4
456.185 438.523 -378.691 71.3949 4
-1100.73 -187.892 -1019.24 53.804 4
210.747 -175.672 563.92 73.074 4
335.715 -488.43 -453.106 29.4401 4
-97.1215 -615.306 -195.326 68.1073 4
2495.59 1319.76 -647.502 55.0277 4
1745.42 924.229 449.229 86.5806 4
-1231.74 844.62 509.27 92.7989 4
1352.37 394.887 -262.557 61.4488 1
-1209.15 86.5918 -1008.9 101.356 4
1071.25 1291.61 -579.151 40.8773 4
-316.747 832.721 -46.6155 79.4754 4
-521.943 420.536 192.562 67.3636 4
-595.46 155.236 -111.892 71.508 1
-626.62 -275.409 460.379 67.3138 4
-2147.19 -385.551 291.813 81.9808 4
-338.137 634.068 146.168 42.7745 4
270.355 -324.578 0.837357 68.5544 4
-1589.28 -331.134 263.709 62.5387 4
-107.885 -596.928 403.761 88.9324 4
-1099.17 -28.7546 230.848 79.0599 4
-349.806 762.486 157.078 69.43 4
1225.34 682.394 -553.567 44.4513 4
497.262 -350.768 461.42 92.5609 4
-1665.82 -655.634 -437.534 34.7781 4
-575.611 -1351.88 186.537 34.3731 1
-110.394 11.2169 150.929 88.3722 4
-1400.57 -191.361 791.375 72.9493 4
1500.4 -1832.42 1258.33 67.5868 4
366.542 536.754 854.15 71.1895 4
-184.307 28.1081 59.5699 68.5334 4
-1316.57 58.2989 -281.495 77.4455 4
135.737 -410.526 -626.207 74.8187 4
-1622.01 221.566 287.355 72.718 4
-203.684 -469.461 -882.001 66.3926 4
-1157.17 275.044 331.103 56.636 4
-766.091 -839.764 588.36 58.0316 4
614.087 520.722 68.4681 75.7532 4
-680.13 625.464 -639.984 69.515 4
1206.58 318.031 703.951 39.8877 4
604.158 964.71 1601.46 86.712 4
1919.99 -288.12 529.254 96.5368 4
-145.06 736.414 -119.928 43.9816 1
237.97 -12.6507 -108.265 55.1169 4
904.972 209.196 705.904 42.3971 4
-641.512 -81.877 615.222 46.6245 4
1001.55 181.588 247.998 86.4317 4
-763.851 -1094.4 -271.438 53.4214 4
475.618 183.372 614.322 54.5518 4
-557.672 -356.445 506.564 36.8594 4
-574.715 -1237.12 -142.011 68.3443 4
-144.116 -319.582 101.891 40.6795 4
850.24 671.111 -478.838 83.6374 4
-373.092 530.326 12.5657 29.118 4
-467.975 -423.727 106.646 78.4205 4
-228.13 -580.969 -65.9268 58.8431 4
857.865 -464.902 1295.88 63.6169 4
389.903 156.326 502.195 45.0727 4
-229.166 494.607 764.729 33.2694 4
-1032.98 -856.461 -1234.02 55.9202 4
831.427 1656.59 125.738 77.3577 4
696.926 1530.95 429.389 58.9043 4
2090.5 -241.176 153.2 46.0699 4
2205.06 -346.678 -247.939 86.7868 4
619.103 603.49 1250.45 47.5991 4
-108.006 -1197.61 265.076 76.9144 4
-645.552 -207.902 344.398 90.1206 4
-440.301 348.081 324.628 64.5098 4
-923.508 169.938 -471.4 53.2532 4
103.914 -217.322 -226.275 73.4593 4
-1172.51 -303.585 -175.852 59.3844 4
1119.98 -517.989 497.666 43.123 4
-126.968 1232.27 -452.748 15.9919 4
-1282.01 -306.138 99.4139 56.1097 1
-533.495 -293.908 66.2105 65.813 4
1105.84 336.352 394.055 49.1591 4
151.491 -397.574 -778.986 47.7639 4
1492.53 591.488 232.206 41.9903 4
-1102.93 247.31 -1107.03 63.1427 4
390.402 -176.503 -1923.24 40.8538 4
543.501 443.396 -69.4508 66.0742 4
-529.15 145.451 -109.879 37.6978 4
308.582 -601.569 366.009 31.6111 1
1255.34 -11.1355 1369.85 58.7143 4
-539.057 -26.4245 839.381 80.1858 4
-1000.42 907.843 -148.072 69.8258 4
-65.9232 -4.05082 294.106 61.1345 4
965.18 392.449 517.468 54.1997 4
230.998 788.437 -545.745 99.15 4
-241.581 -57.5475 -927.794 37.7922 4
-327.818 -1057.7 -171.574 93.9303 1
451.994 722.489 -809.321 -0.26646 4
-634.043 51.0485 -1814.56 69.2443 4
-65.6312 618.821 -748.013 89.2963 4
397.945 -1328.84 59.2563 97.7723 4
-731.834 -1202.65 125.778 19.0072 4
967.211 863.889 214.836 76.3577 4
1376.15 89.4075 -34.3795 66.1562 4
-1534.06 -72.6393 -350.599 53.7324 4
1049.38 -267.73 248.702 64.4034 4
445.483 501.099 -948.711 23.1757 4
139.276 489.015 -569.567 58.4661 4
425.081 152.159 655.465 61.0308 4
-205.612 204.615 332.835 48.4203 4
621.798 105.611 -562.912 82.6222 4
1333.05 87.3768 -99.5772 63.2073 4
-462.613 -140.564 680.665 67.6845 4
-744.107 -512.248 331.395 43.5057 4
1640.68 -1047.69 886.76 31.4635 4
80.8619 200.792 -40.6498 28.6458 4
1871.78 -943.706 -733.541 58.0416 4
537.035 318.377 -440.827 56.3347 4
-1047.5 -238.552 265.833 27.6559 4
1048.57 273.165 -326.875 41.6993 4
-1085.12 -925.511 262.214 71.4271 4
-1726.2 626.821 620.931 50.4373 4
38.1252 588.627 -226.656 68.816 4
-1103.23 220.051 49.0129 49.3409 4
620.478 -578.246 -843.346 55.3346 4
-1030.66 357.866 -682.816 71.136 4
1783.02 380.503 984.581 60.9251 4
84.4849 -331.837 441.914 34.1412 4
-1298.83 -0.427328 143.443 20.2102 4
1470.71 -608.99 432.257 66.7473 4
-595.847 -131.652 507.013 76.4197 4
-444.224 -275.361 7.56553 79.1382 4
-291.427 150.603 19.6841 77.9423 4
1913.72 1231.34 -729.618 56.9182 4
-609.799 563.372 386.711 86.7992 1
-397.488 852.841 474.289 65.1579 4
-1372.39 335.324 183.878 41.0092 1
58.988 -294.388 460.559 78.2106 1
-113.749 702.586 -459.294 70.3582 4
1486.72 53.6227 -37.6685 32.5012 4
-1543.96 139.724 -529.929 56.4861 4
1022.78 135.937 -421.743 56.5662 4
-168.448 -238.621 838.961 69.7894 4
-887.556 89.23 711.386 60.288 4
-161.238 -279.815 1135.59 49.6558 4
-945.718 295.202 -216.306 25.3594 4
690.035 -750.443 -652.861 47.2906 4
-619.48 719.759 -352.186 70.0983 4
-203.522 610.314 -1464.05 53.589 4
393.517 16.5447 -698.204 71.5698 4
926.643 -428.014 0.611107 32.7209 4
455.215 958.558 299.378 75.4405 4
1220.89 333.857 -722.712 62.5088 4
934.78 -336.844 564.483 47.9499 4
-1116.53 -447.263 385.556 69.3999 4
-532.702 -893.641 1769.32 27.0164 4
267.995 -417.665 -630.936 59.3326 4
32.6581 -1076.6 -35.6001 70.4545 4
587.123 538.779 -1085.63 90.1305 4
-1480.92 -187.968 -330.684 67.7749 4
1415.9 -511.313 -216.395 31.2998 4
204.082 371.342 65.9782 89.609 4
1345.25 850.56 143.371 61.0101 4
-1050.89 -568.987 329.916 72.6258 4
-1355.94 -936.521 -928.917 71.6754 4
-542.985 -152.887 145.254 88.6997 4
136.607 1092.29 7.67636 55.6733 4
2348.43 -607.281 -83.2598 43.5987 4
-168.445 24.6704 -390.051 80.1085 4
-1363.69 876.835 -280.67 71.8011 4
-165.269 1933.07 177.787 52.9324 4
687.609 -1026.03 -157.119 53.7313 1
2308.78 -14.1236 156.706 49.086 4
714.931 1240.73 469.881 29.1425 4
-577.405 -529.609 -824.562 63.7759 4
-400.42 -11.798 60.4788 25.0171 4
1158.85 376.986 -290.25 45.049 4
228.204 -1279.98 -151.793 69.0672 4
-148.016 207.787 -125.022 105.243 4
50.8131 571.099 485.122 95.9254 4
-212.656 -213.234 482.273 39.2008 4
440.872 -1566.99 128.767 35.5241 4
459.296 500.34 25.3904 76.6969 4
-2448.7 121.405 416.505 77.9957 4
713.275 -211.507 500.947 77.5225 4
-807.905 -574.002 443.835 76.08 4
29.5083 -665.872 440.552 72.8471 4
1280.6 -65.3022 711.624 72.337 1
-1570.43 -314.042 -5.49766 51.5609 4
1324.42 -331.815 -438.011 75.4486 4
-727.668 -19.1086 -249.379 43.024 4
1094.67 -234.543 140.059 51.9495 4
880.753 35.0474 -292.481 61.8669 4
-334.949 -581.583 -396.058 56.595 4
446.721 -343.45 696.236 42.0863 4
-1066.33 764.713 -204.807 50.3234 4
-618.126 -188.593 99.3389 57.5839 4
-143.051 -344.092 1124.23 61.4702 4
1416.82 -421.356 -581.653 73.1236 4
199.616 -539.252 613.059 75.046 4
-522.671 1398.37 -236.054 57.2619 4
59.3454 44.2888 -693.944 63.7642 4
99.1792 -252.348 -256.971 68.8719 4
-833.174 -408.202 -1048.85 91.167 4
149.212 -897.957 -398.426 72.3958 4
197.867 313.721 102.175 51.3478 4
718.995 -479.029 1052.1 87.6662 4
747.911 1082.4 1235.06 43.3375 4
1001.16 -49.5965 -335.776 86.6899 4
-1094.61 480.468 184.707 32.9589 4
-1292.96 -1436.98 -539.922 81.528 4
-1578.85 389.654 -29.0603 74.3092 4
-321.004 -36.513 568.286 45.7678 1
864.447 -537.035 816.258 62.2377 4
61.1127 -57.68 1096.19 21.747 4
-1446.91 159.53 118.194 75.2039 4
-1194.86 409.203 -850.649 81.0945 4
-865.373 181.178 -527.399 64.2295 4
548.165 -20.9888 787.301 27.3707 4
905.269 -750.635 1125.29 43.3031 4
251.566 413.982 -143.972 42.7391 4
-776.211 -1136.34 189.514 41.2863 4
-567.187 -1219.29 1180.47 47.1424 4
754.014 1219.99 650.243 11.8304 4
-355.05 -683.85 -414.916 43.41 1
-734.571 46.4085 -71.0633 52.4562 4
-1299.82 -510.47 -542.539 47.0405 4
62.1211 5.42305 -428.914 42.9947 4
1225.31 -892.838 -1062.82 66.5661 4
840.397 921.408 357.934 11.4306 4
906.935 -925.401 108.268 70.7492 4
940.215 -309.266 -70.9675 75.1579 4
-295.756 -1291.39 166.869 57.1153 4
1042.75 -168.493 182.445 78.5877 4
-989.549 523.195 -690.722 67.2944 4
189.802 -170.489 -390.698 80.2616 4
-1227.48 -544.356 372.878 -8.85848 4
272.715 -1298.35 -641.677 83.7845 4
-840.044 863.199 -935.539 59.2575 4
-100.672 -1560.8 -686.863 54.753 4
336.399 34.891 -440.515 55.3008 4
-1885.16 1352.12 7.17724 33.5178 4
-995.03 32.4602 -71.5766 67.555 4
-726.399 28.5678 -85.8525 70.1917 4
-174.935 -55.0348 717.477 60.2834 1
396.082 -844.626 313.136 57.7333 4
81.6003 -484.299 344.8 33.3468 4
-167.694 -609.542 -270.582 47.4579 4
1074 -409.675 -279.353 44.6103 4
1007.74 1117.42 345.968 67.5249 4
93.1409 195.675 -620.408 73.6524 4
-1071.79 -928.549 261.476 76.2368 4
-747.079 -437.39 -601.064 69.499 4
-624.367 -147.597 273.504 22.168 4
994.282 906.332 -237.143 49.4118 4
-248.177 -606.542 -364.32 28.6154 4
1381.8 -754.754 -17.085 71.5868 4
-1020.89 -604.312 -39.478 70.3048 1
591.232 -520.913 511.389 60.1515 4
-832.013 673.101 -1449.58 33.1274 4
1033.14 479.766 485.935 65.8976 4
105.913 424.83 -833.636 98.4958 4
-904.402 144.135 -88.4732 20.3726 4
-257.85 -525.083 -42.1995 23.3663 4
539.49 -733.923 -597.149 42.3011 4
855.338 607.044 -617.816 37.735 4
-1095.42 -1022.92 4.01616 102.198 1
-1954.14 679.618 368.148 27.7923 4
1064.42 -788.435 1240.16 22.9977 4
-584.658 89.0905 599.158 65.1992 4
1284.89 -596.9 -15.2169 24.1087 4
-1913.55 -258.965 -402.482 68.0857 4
-72.1899 290.996 721.08 39.7662 4
516.513 15.7092 0.943779 48.6518 4
-1024.05 -905.884 438.938 53.9968 4
590.21 197.456 -123.559 76.5958 4
472.837 -659.079 264.005 73.8592 4
1984.94 -457.552 760.838 61.2885 4
-345.06 835.58 737.344 73.5857 4
45.8956 237.375 97.7266 64.3357 4
-86.9362 -401.907 556.517 60.9611 4
-482.6 39.943 -313.778 89.7969 4
-369.939 1158.47 -322.012 64.1144 4
-371.884 272.714 -1441.65 48.9337 4
-919.134 -169.537 483.147 64.7687 4
1083.34 1655.98 -897.034 53.0824 4
108.304 -90.053 -970.021 72.1282 4
-610.251 456.853 266.646 52.5648 4
989.9 -322.937 510.194 59.8099 4
-128 -1553.87 -551.53 54.8864 4
-1491.77 276.372 -109.789 48.1441 1
-907.435 42.7633 325.895 50.1228 4
175.083 -227.44 537.666 22.0472 1
-913.384 2197.62 268.584 42.8522 4
971.992 -692.554 -1351.97 98.4208 4
-342.138 -261.122 265.594 35.2917 4
564.659 1341.29 926.071 39.1098 4
-466.41 662.217 269.44 63.6252 4
-198.972 -110.775 -706.112 94.2996 4
-106.288 -19.2744 -228.908 69.3578 4
376.678 927.412 -395.186 64.8209 4
865.464 -1874.84 -640.993 57.0292 4
22.065 -30.0852 238.512 46.0995 4
-21.3992 437.978 710.124 48.3979 4
-443.749 -348.708 -682.404 80.0613 1
729.336 -619.486 250.164 61.0574 4
-545.767 471.22 633.325 83.3473 4
575.041 -1059.44 -177.852 36.5772 4
-412.673 287.394 -238.702 63.4228 4
514.497 -602.319 457.658 56.2218 4
598.679 885.144 485.374 10.7841 4
-188.641 510.968 496.243 59.0654 4
1344.72 -738.06 531.877 29.2133 4
-417.324 176.58 717.776 70.0032 4
224.638 -555.756 27.6221 43.4522 4
1175.62 741.931 928.667 41.8402 4
156.216 -775.729 352.564 80.199 1
-31.9327 -443.24 1055.57 44.3484 1
617.512 -202.945 81.1638 36.1951 1
-532.506 -802.91 712.278 39.5659 4
3030.82 -199.684 161.142 77.4646 4
-1235.65 510.404 -1280.25 49.0726 4
-2330.62 702.922 152.451 47.7731 4
-1880.52 -1992.93 516.779 92.9546 4
-83.0201 -634.282 92.1438 82.2236 4
-414.268 474.14 413.143 54.1356 4
60.2146 -302.872 -101.927 66.1082 4
973.661 -516.467 -549.417 80.0542 4
282.216 489.504 -588.199 57.7607 4
-495.634 -151.043 161.916 47.7672 4
-371.115 703.774 -935.097 42.1677 4
-188.686 654.046 273.733 23.8157 4
-289.635 705.142 -410.103 98.5612 4
105.268 662.13 -634.546 78.8681 1
1265.09 -332.725 136.181 74.006 4
1822.47 505.187 -949.558 68.4741 4
505.726 302.688 -550.16 52.9195 4
-1588.39 175.886 503.765 91.9442 4
-1412.41 -467.043 -1091.5 73.3089 4
477.943 800.407 448.421 79.4164 1
-501.174 -355.234 -377.921 42.2959 4
-1771.22 -232.719 135.121 47.2621 4
-495.318 1096.18 798.268 63.7599 4
1399.97 -968.842 -465.383 56.8312 4
-643.697 1474.44 -614.611 59.8934 4
434.016 1322.92 -501.1 80.4951 4
101.492 678.773 -166.759 36.0835 4
1058.3 -29.3561 522.128 89.3236 4
535.867 276.078 -651.045 35.8923 4
128.57 -170.427 -584.846 64.0272 4
-1753.01 549.261 -247.456 59.9243 1
100.822 -155.168 586.373 80.6707 4
754.985 519.758 132.691 24.6081 4
-1341.5 -1076.61 -275.523 37.8376 4
94.9532 47.7796 72.455 73.8779 4
-661.32 -117.618 686.743 76.6946 4
119.209 -121.348 47.8615 59.1628 4
128.334 -708.977 529.491 62.2417 4
-572.755 538.905 -942.314 55.0117 4
-181.473 -76.9833 981.343 46.8339 4
595.296 -334.842 41.6934 25.6611 1
229.558 445.896 103.591 29.4824 4
319.361 1093.13 -397.854 61.8962 4
1917.37 -66.9277 -200.973 45.7042 4
729.471 -319.903 608.339 43.4365 4
-770.788 146.984 384.283 37.2855 4
743.738 -29.7298 407.599 37.52 4
-1304.71 -147.165 193.183 64.3308 4
600.116 -700.408 871.146 47.3804 4
-901.015 -707.816 -848.688 108.202 4
-2295.56 -1002.78 -1107.86 16.798 4
1655.5 -1047.96 -586.207 74.5981 4
123.466 317.535 -414.471 52.4976 4
-266.358 791.645 -882.242 61.0247 1
-302.394 -940.844 1270.72 57.9583 1
1002.21 277.514 6.88312 80.7276 4
-1274.53 -241.085 11.7273 85.0538 4
-1740.08 505.022 446.704 80.1188 4
-518.123 -527.87 24.6348 55.1551 4
-764.603 1057.82 9.75893 49.202 4
1835.79 -518.445 -562.306 50.1633 4
-321.725 142.211 594.709 26.0973 4
822.398 -1098.73 846.05 30.89 4
114.909 460.957 247.551 77.147 4
-259.89 -559.951 -109.692 48.6804 4
-1426.23 758.585 27.3365 59.5999 4
2158.52 -660.11 1448.61 26.089 4
-632.922 236.13 -63.1374 81.4817 4
-1506.87 -1528.51 -202.444 44.7732 1
-519.698 -530.681 4.85682 61.8593 4
931.56 87.7987 582.851 58.8338 4
-1332.8 -1151.58 51.2839 60.7942 4
608.358 -307.257 335.761 50.9939 4
667.312 1058.56 697.133 43.8901 4
458.475 1472.5 863.862 69.882 1
-1093.53 -142.025 -292.676 87.6434 4
-456 166 -286 25.8065 4
114 24 101 37.3345 4
225 245 -298 25.7087 1
310 -40 -263 33.8712 4
367 114 -165 84.9609 4
-109 200 134 78.0704 4
-309 233 -173 78.0378 4
-433 327 -30 61.7646 4
94 34 151 59.24 4
410 -98 -272 44.3503 4
-301 133 -269 49.0325 4
445 118 -197 30.646 4
484 88 -131 71.5794 4
-11 205 -36 69.9046 4
39 341 -251 79.581 4
-480 69 -279 48.1838 4
-96 322 275 23.2154 4
376 -195 2 62.9546 4
38 283 290 61.3696 4
53 343 -99 42.5939 4
31 -280 165 32.101 4
25 -69 56 37.6524 4
-228 155 -126 62.7054 1
377 46 -241 40.0369 4
-480 -316 -201 51.2176 1
489 -349 25 47.448 4
186 -83 216 82.4488 4
-140 67 77 49.5658 4
139 44 68 55.6448 4
-225 74 185 39.0489 1
-418 109 -109 63.6233 4
-45 -348 92 52.9967 4
-264 41 -175 29.2667 4
345 -248 -90 73.4576 4
369 -324 271 52.4994 4
95 -150 124 46.0419 4
-206 -206 154 50.5083 4
369 -211 -80 64.3695 4
-101 313 -38 47.6008 4
-334 104 -66 59.7393 4
-403 -239 -168 38.8748 1
13 292 -274 64.1079 4
-480 -101 215 102.499 4
-299 142 5 69.5213 1
488 110 68 79.9027 4
-401 38 260 51.2058 4
-197 -76 -91 50.6078 4
128 -255 -276 48.8204 4
407 258 -128 60.0515 4
-449 100 -193 74.8713 4
351 -176 -109 92.5109 4
-482 246 -1 66.2496 4
-492 317 -84 27.6682 4
107 327 -190 46.2506 4
-349 -79 -168 81.047 4
367 -42 62 57.1733 4
-283 236 46 43.9385 4
-311 155 -257 89.5508 4
80 -264 -255 60.2193 1
-65 -206 -95 50.352 4
-136 272 -197 78.5535 4
51 116 86 79.9697 4
137 21 238 71.7006 4
479 -350 -270 64.04 4
239 -21 220 25.8906 4
434 166 -180 33.0646 4
202 -285 -35 20.0597 4
-38 320 33 96.1561 4
-256 286 201 51.6826 4
-98 -62 -146 -2.12125 1
259 142 -52 67.3839 4
45 -171 291 86.645 4
-92 -287 264 95.0459 1
279 -314 -91 65.2356 4
-498 224 23 53.5242 4
-404 -94 142 48.8905 4
-55 -55 -260 86.7186 1
83 244 291 75.0805 1
339 342 37 76.0998 4
-77 -70 120 48.6069 4
-157 -314 -223 56.972 4
-328 236 161 39.4229 4
-388 234 42 46.2107 4
93 -114 202 52.554 4
332 192 -263 83.9018 4
-11 31 -286 61.4825 4
-127 -99 164 62.9157 1
283 86 279 65.4472 4
224 306 -195 34.8217 4
-205 -284 275 50.3394 4
-197 -181 68 53.305 1
306 -280 186 76.3837 4
465 -275 257 75.2715 4
-444 -79 -166 78.8609 4
374 0 277 75.3688 4
-162 -342 -12 73.2781 4
-383 -5 10 66.7597 4
-388 -113 271 53.7934 4
407 -210 -37 39.9378 4
-138 -201 -45 62.2673 4
324 -138 233 16.4881 4
236 169 114 97.531 4
21 -206 -176 31.6353 4
352 -138 -75 103.838 4
457 -262 -15 -7.31795 4
225 -41 -112 61.8603 4
249 -299 -3 40.7007 4
-348 -98 243 72.2315 4
417 -222 -138 75.7856 4
100 -322 19 30.1606 4
372 193 185 39.8701 4
307 -140 -150 89.1032 4
98 -14 -162 54.2851 4
-55 129 8 84.4762 4
-218 208 -139 71.1845 4
-38 54 16 44.3329 4
-367 -220 236 71.9231 4
458 -342 -94 46.4684 4
-449 193 -288 24.4843 4
54 -288 228 54.0774 4
-302 168 -72 72.779 1
-203 339 193 60.9736 4
347 -295 19 52.4886 4
259 -315 -107 45.2979 4
-283 -121 -171 27.4234 4
37 138 -38 91.3353 4
-369 -76 252 -2.95044 4
-463 -18 42 34.2068 4
-450 -280 -165 43.8353 4
-289 278 -68 42.1191 4
-417 -347 220 75.5106 1
390 -137 291 68.5238 4
94 123 -114 85.6895 4
-139 99 277 57.1837 4
223 231 182 44.7086 4
-387 26 200 41.0604 4
-2 -215 -285 29.8333 4
-37 -151 -180 55.2476 1
402 290 -54 55.0925 1
-195 -313 -49 47.5931 4
210 -112 188 49.398 4
-213 -285 120 91.3662 4
-354 104 -177 52.5468 4
130 325 -174 27.1914 4
310 344 -262 41.4838 4
393 109 -176 58.9324 4
-349 -128 -208 82.3914 4
60 -306 -87 28.5796 4
-366 -149 98 42.9961 4
218 -32 83 17.2763 4
372 208 -273 70.6079 4
-67 55 82 69.1278 1
499 323 121 69.8016 4
-16 47 45 76.4057 4
-80 87 296 38.781 4
433 -41 -146 52.5141 4
-438 254 -212 68.9723 4
222 -226 296 43.1212 4
382 125 -300 69.8053 4
-19 285 -189 35.6094 4
160 -18 177 43.4904 4
82 -228 231 50.7749 4
360 -170 34 53.1162 1
341 90 161 50.5537 4
-155 51 136 74.8042 4
-175 -265 -134 89.158 4
60 -332 -224 68.343 4
153 189 -226 46.1363 4
124 -199 -291 48.0325 4
-374 -257 -292 55.7552 4
425 -8 31 74.2822 4
34 194 -278 30.7183 4
-102 -191 -153 63.976 4
-56 15 -217 35.2215 4
-317 -239 50 42.3974 4
151 326 202 63.202 4
-221 -286 -19 33.1273 4
-191 -209 -157 67.6415 4
435 325 52 45.6758 4
71 -75 -151 77.9064 4
286 298 145 33.7813 4
-187 30 -162 57.7728 1
-308 90 185 71.3147 4
-484 90 -182 44.6561 1
-296 -99 153 70.3802 4
492 247 199 80.0486 4
-476 -199 248 47.1404 1
326 347 17 78.1028 4
-403 212 94 56.8505 4
142 235 -193 56.0552 4
25 -6 129 80.3492 1
-16 -251 -158 89.4722 4
302 145 205 84.8462 1
-108 254 -75 64.0909 4
-44 -276 64 67.9578 4
123 183 -101 33.7925 4
95 -57 -17 90.6681 4
130 -308 276 94.8161 4
187 -145 102 58.7775 4
-195 294 112 45.3027 4
39 -233 154 78.4367 4
-26 229 -48 69.0751 4
-295 -182 -184 54.1567 4
-99 -335 2 44.4736 4
161 -65 -162 56.729 4
-372 -136 99 41.1592 4
19 303 190 57.4305 4
-3 252 136 60.6562 4
-128 -160 -75 99.2419 1
421 27 -20 39.8893 4
-302 146 -40 34.5625 1
412 12 -152 57.7826 4
-201 136 -284 55.3906 4
452 -182 246 46.3024 4
421 -213 -100 41.9716 4
391 286 12 58.8269 4
26 -13 -287 61.3234 1
466 143 -222 62.2866 4
190 188 -184 105.467 4
352 -34 -173 66.0477 4
154 -7 -17 50.322 4
-389 180 -271 76.4763 4
-281 279 256 58.9924 4
-435 18 -222 50.6014 4
-295 -307 -5 42.4686 4
389 23 -12 42.621 4
164 -94 -15 87.5097 4
72 314 72 36.3022 4
359 206 132 58.3871 4
-262 -89 8 71.938 4
-457 -134 -29 92.2042 4
384 -201 -96 54.651 4
445 249 -184 64.6778 4
-276 -46 217 53.2704 4
12 -148 209 41.5447 4
-382 131 -190 93.7984 4
-11 344 0 84.3753 4
-392 110 36 48.9446 4
76 -42 -89 53.2693 4
9 17 -247 59.5127 4
-282 220 -60 46.0876 1
426 -93 135 60.993 4
-389 46 -25 42.6197 4
-170 36 107 45.6396 4
-468 -91 47 80.2208 4
-280 -167 143 50.6785 1
391 -43 109 26.1025 4
-174 -136 -293 52.524 4
-364 -202 -208 41.1609 4
457 -71 -46 59.8563 4
76 -169 198 56.134 4
-233 107 177 118.01 4
-431 -26 44 41.665 4
-440 338 -63 94.459 4
247 -4 156 19.5523 4
113 214 270 37.3151 4
-36 -188 64 28.2767 4
242 -280 -258 62.1218 4
-48 -257 -172 91.6832 4
-150 -145 175 39.6178 4
482 170 -40 53.6676 1
-492 348 -251 61.7827 4
396 256 280 71.3188 4
222 -199 -89 50.6533 4
-335 277 59 58.6765 4
350 -148 29 54.4248 4
-205 -341 -175 25.2143 1
67 51 269 55.3418 4
-479 -221 -205 47.2186 4
179 -306 -12 49.8373 4
-50 -30 289 86.3434 4
23 202 210 54.1162 4
380 172 248 58.9228 4
324 80 -164 37.984 4
-61 -137 168 37.7533 4
466 187 207 53.1106 4
-81 304 -180 42.1096 1
399 310 278 84.1668 4
433 -82 -74 58.8643 4
420 38 -203 102.387 4
-190 48 -114 48.57 4
-472 -128 -295 69.3473 4
-364 -276 78 67.6094 4
163 -165 142 39.9372 4
140 -36 233 55.4282 4
-73 -239 292 111.075 4
-421 320 -132 47.212 4
-41 -32 156 71.9231 4
316 93 156 60.7628 1
-383 63 -133 32.1802 4
139 -305 8 40.3112 4
483 -148 85 22.6057 4
-484 -132 -234 71.7737 4
330 -240 55 74.3245 4
-167 326 65 54.3447 1
194 72 -187 88.9521 4
117 -29 158 105.213 4
-413 175 40 70.003 4
-177 -102 81 79.8703 4
50 269 133 10.7927 4
-111 -99 -186 73.929 4
161 319 133 66.2434 1
397 300 238 48.1734 4
-176 -346 -247 84.3265 4
-223 13 128 67.3732 4
141 118 -257 48.5293 4
268 174 122 63.5271 4
443 -143 -112 59.569 4
-42 -296 4 67.0166 4
376 139 -282 87.8249 4
-260 -94 65 66.2911 4
212 -80 -242 84.1384 4
-466 236 206 70.4022 4
106 199 291 78.0035 4
474 115 96 66.0191 4
72 -214 254 55.4634 4
491 -339 201 72.344 4
152 -31 -60 52.4961 4
128 -293 261 43.0439 4
28 -231 -218 66.5299 4
-243 39 289 56.4212 4
390 -118 241 71.895 4
397 87 -14 33.1874 4
-475 42 199 68.4627 4
-497 202 -17 65.4762 4
172 326 152 18.2454 4
85 263 -156 41.6146 4
284 -23 127 48.7799 4
268 18 -292 58.3004 4
400 -201 -225 31.3651 1
-262 -337 166 54.8276 4
5 67 132 68.0819 4
-30 118 169 63.443 1
-404 71 198 36.8865 4
387 292 295 44.0469 4
-279 -76 -35 19.0205 4
-357 23 -52 70.9156 1
75 325 93 58.1918 4
88 261 281 79.4037 4
429 -236 206 45.909 4
134 -23 297 37.0697 4
-499 145 -89 54.127 4
-211 -292 211 80.8658 4
-415 226 0 59.1569 4
150 -250 275 36.1757 4
227 118 -110 90.2266 4
-168 -278 -187 36.8624 4
438 121 -136 38.9165 4
-201 263 2 79.7747 4
260 115 -8 65.7587 4
476 -347 -140 73.4411 4
280 63 -211 64.6467 4
-235 -134 -141 56.4214 1
285 -1 -88 72.4531 4
-227 -125 -218 100.161 4
397 -252 187 64.6074 4
-389 291 252 73.0993 4
-293 -306 -28 55.4217 4
-253 335 -256 79.4183 4
450 135 261 57.6715 4
1 -30 260 23.6877 4
122 -177 7 61.2149 4
-450 39 -289 61.1034 4
487 348 147 45.9637 4
292 49 173 89.834 1
343 96 34 79.0355 4
-17 280 -78 58.7574 4
-133 34 -252 70.9866 4
4 211 111 66.6493 4
-14 220 226 83.8341 4
360 -113 -264 56.4724 1
-313 -67 -98 60.3045 4
-417 -75 230 47.031 4
473 -134 21 98.136 4
198 194 -259 65.2599 4
28 -8 138 67.4318 4
303 -249 163 29.1991 4
371 39 -123 16.6948 4
-22 263 -17 89.8018 4
197 -13 -151 57.7291 4
-188 81 -90 40.8692 4
-252 -318 146 77.1317 1
-472 190 -184 28.0399 4
-218 156 -8 27.1008 4
407 -143 -22 85.16 4
-404 -95 -238 69.0936 4
-231 -53 -156 41.4004 4
-366 243 -250 56.898 1
-176 162 136 65.1573 4
196 -215 123 53.9407 4
-225 -59 84 60.0648 4
497 327 94 61.8878 4
-364 174 -66 59.1837 4
179 98 -141 72.2255 4
245 53 70 35.3229 4
248 322 -270 41.9595 4
485 16 -103 84.4895 4
-447 -278 -142 75.0415 4
363 192 89 71.6917 4
-129 185 168 36.1628 4
