527.871 -234.345 9.9518 47 4
663.098 -60.5885 -2.79367 45 4
-453.956 -571.108 -7.19989 32 4
-122.234 -466.748 -5.02688 38 4
145.334 -157.642 -7.86922 32 4
138.931 -11.2407 -547.151 59.0312 0
-482.216 -25.6113 -5.96952 45 4
618.465 119.093 4.3347 41 4
303.78 -516.706 -29.6642 40 4
399.257 410.444 19.3494 46 4
112.657 435.82 -1.92136 35 4
340.33 -232.382 0.80896 36 4
295.029 -266.348 -448.417 77.8161 0
-94.8117 -1002.58 1.22473 47 4
156.079 -226.169 6.59263 44 4
208.578 -342.288 -74.9875 43.7149 0
470.002 -82.2058 -13.065 40 4
55.4121 18.77 4.65869 38 4
110.856 -54.1255 347.187 100.028 0
-671.324 310.383 -14.3342 41 4
-9.1369 889.518 0.681371 42 4
419.95 -323.58 -15.2313 42 4
-96.8348 565.581 1.93888 44 4
-592.135 -815.323 18.8041 32 4
254.399 665.604 6.65235 42 4
28.4308 491.563 7.19792 30 4
467.455 14.1122 12.169 34 4
431.063 -13.156 128.78 61.9496 0
-481.322 24.5133 10.4701 39 4
-143.392 -528.998 13.7966 37 4
376.345 -775.619 -18.2192 43 4
124.403 37.7566 2.77399 49 4
154.89 24.125 296.24 76.0837 0
-484.423 -124.647 -2.73041 41 4
-35.2758 -924.994 -4.40865 33 4
469.675 120.36 -7.36913 45 4
142.26 -851.211 1.81632 48 4
-72.2472 133.554 6.9785 41 4
22.4764 -824.768 -7.88149 31 4
396.841 -468.106 -13.7997 30 4
-480.128 864.806 -3.56855 37 4
449.234 675.196 8.99825 46 4
53.6595 394.53 -15.0914 44 4
523.158 297.265 3.31147 47 4
5.27893 -1145.47 -3.3076 48 4
10.7529 -313.769 5.40042 48 4
647.958 473.736 12.5471 38 4
-242.806 695.768 -0.70979 47 4
305.866 -259.758 11.4574 40 4
366.181 -273.171 539.015 62.5494 0
-249.715 214.819 1.08367 49 4
115.744 685.829 0.0850605 34 4
-518.544 556.887 -19.94 36 4
-322.812 1122.49 0.343202 32 4
281.969 -812.023 -15.7466 41 4
-590.876 79.502 14.5115 49 4
377.544 -747.622 -11.4815 38 4
347.846 455.283 -8.7502 41 4
237.073 -862.473 -9.00802 31 4
-153.822 -97.3055 -1.59601 32 4
-2.46222 432.425 -13.282 47 4
-314.344 -578.977 12.878 49 4
66.2329 -3.42029 0.966174 38 4
76.738 6.10742 21.9097 76.3211 0
-222.414 672.555 -17.6073 36 4
382.843 -462.549 -1.25544 34 4
816.197 198.732 -9.14569 35 4
19.2637 464.526 4.17314 48 4
353.257 -80.6847 1.03697 49 4
205.569 -359.117 -5.0034 42 4
255.196 -312.606 -6.39687 31 4
603.654 54.6714 -5.41471 41 4
-457.07 368.494 -17.8596 34 4
-347.677 -560.828 -4.33909 34 4
687.451 -20.5862 4.26508 40 4
412.607 -713.008 0.770799 35 4
-479.485 445.453 -22.8234 48 4
-133.033 476.783 8.36371 40 4
-239.672 587.457 -4.40708 49 4
317.602 -251.256 -7.38583 45 4
513.766 373.955 11.4384 43 4
87.8153 -772.107 6.67518 45 4
-507.987 -480.114 -1.37398 34 4
-572.039 -941.967 -10.192 44 4
275.509 795.176 -10.2094 34 4
471.547 -673.879 6.61672 39 4
224.551 -362.136 6.58284 43 4
-390.115 395.757 -11.0313 44 4
-748.612 727.002 0.948655 38 4
556.078 -535.565 -0.909269 35 4
-356.89 -239.849 -5.46904 45 4
-242.11 397.371 6.27072 39 4
-837.441 811.639 5.126 40 4
-5.65906 -986.209 -5.27789 32 4
128.388 -494.928 -17.5264 49 4
-303.509 -649.779 16.6765 48 4
343.108 556.219 7.59109 45 4
-551.95 715.846 -23.2587 39 4
128.469 -522.366 4.08271 33 4
551.89 -277.36 -14.9971 41 4
811.106 -83.9872 10.0963 37 4
217.741 -721.877 -2.50922 34 4
300.127 -141.699 17.1423 32 4
310.099 -181.341 158.964 77.4919 0
304.141 447.089 17.1609 39 4
266.857 762.786 19.003 31 4
-549.82 870.668 17.2248 31 4
-257.996 415.274 4.23307 46 4
479.963 -47.8068 5.052 44 4
-187.095 310.617 10.3676 34 4
-328.933 -926.529 0.547903 48 4
251.975 830.615 8.29675 30 4
376.671 -345.931 -12.5657 44 4
610.31 -131.525 6.05673 48 4
203.467 -714.787 12.7463 40 4
-489.796 611.015 -9.19255 47 4
419.976 304.752 -6.30046 40 4
-207.357 405.538 -7.21475 45 4
-442.16 227.775 -1.92458 43 4
392.827 -381.621 3.84255 40 4
41.3857 -365.768 6.95626 47 4
-130.167 248.116 -5.30758 35 4
-415.548 975.128 14.279 33 4
-526.649 708.422 -11.1457 47 4
294.121 -927.012 1.67165 39 4
-636.173 130.54 -3.55576 48 4
-50.4387 -1112.82 15.0575 31 4
74.8654 -930.262 -3.14342 47 4
472.264 -838.146 -2.53818 44 4
-233.683 645.618 -9.40617 41 4
-524.579 -171.39 -5.9781 47 4
-66.0759 -1182.55 -15.6315 47 4
13.942 -1088.21 -8.05147 40 4
-649.864 33.7773 10.369 31 4
-460.974 971.127 6.96402 34 4
360.388 -392.058 17.401 48 4
477.563 496.815 -9.75299 49 4
-342.017 149.361 1.87839 37 4
-27.2122 701.733 -9.21123 34 4
-458.988 -370.039 4.64338 46 4
481.044 -442.142 -9.34952 44 4
279.022 -832.104 -4.72622 47 4
-136.836 -991.499 13.7025 47 4
59.4222 -686.695 -4.10378 38 4
40.136 -693.058 300.695 94.641 0
-103.132 -41.1614 -36.1451 47 4
460.009 -258.565 1.09873 47 4
-248.167 -639.326 -13.2727 33 4
-155.708 -184.507 19.9973 47 4
373.659 -898.74 4.535 45 4
-523.16 854.428 4.12927 41 4
-375.248 -208.298 -16.6771 35 4
200.81 783.101 -5.99667 38 4
-518.629 522.016 9.29695 30 4
145.374 -539.914 20.8392 46 4
-945.806 666.523 4.02314 32 4
-939.704 597.355 -302.781 41.0034 0
517.329 500.063 -13.9993 40 4
320.395 555.973 -1.40878 37 4
-60.7292 574.783 -5.2113 44 4
139.073 387.001 -0.378182 32 4
-25.3753 9.15271 -1.55088 31 4
69.9663 -27.4255 271.998 69.4559 0
439.557 655.878 -16.2603 34 4
80.7305 238.114 -0.910174 44 4
321.669 -543.836 4.47172 47 4
464.552 -262.328 -6.75057 41 4
64.886 -131.942 -5.99311 48 4
81.7931 -187.468 -26.7064 46.2197 0
-153.52 516.5 -5.96786 43 4
746.623 -142.098 4.73451 49 4
-132.476 -31.3781 -11.5279 47 4
-78.0311 -341.419 11.0821 38 4
370.959 -489.948 -7.06067 41 4
517.919 -630.528 6.27209 45 4
-221.564 -53.1908 -7.08943 36 4
-506.364 -909.305 2.08082 39 4
-442.699 -361.717 4.07822 37 4
-145.489 -114.185 -12.6371 32 4
153.163 -728.454 -5.07502 40 4
-278.067 116.253 -2.05869 44 4
394.91 804.006 -0.738761 43 4
414.463 -313.055 -10.4266 31 4
-396.453 -389.264 -5.36769 39 4
132.498 434.146 10.1531 30 4
-177.181 559.146 -4.94828 35 4
-611.606 841.87 5.90801 40 4
275.839 -375.863 13.6341 46 4
415.369 -307.424 7.95636 33 4
327.163 -33.8636 -2.31521 32 4
381.72 -39.6387 -124.46 77.8118 0
837.921 -235.972 -18.3653 35 4
283 -427.529 -2.06845 47 4
438.454 -1246.92 -5.35307 32 4
164.972 666.486 -1.63974 47 4
-672.214 361.074 6.59258 39 4
-478.778 -166.477 6.38368 38 4
-514.35 838.288 -11.4322 47 4
521.27 -321.642 23.3984 49 4
-59.9111 1296.48 1.28053 48 4
-198.479 -907.101 18.0844 46 4
273.124 -235.709 1.99996 38 4
155.27 -146.238 289.239 36.373 0
284.65 -323.548 -5.47819 48 4
-177.281 -960.133 -5.80941 42 4
76.8047 -588.277 -11.1742 30 4
302.208 189.373 -13.4514 33 4
497.142 441.181 10.5525 43 4
318.456 11.8528 1.98611 49 4
327.311 -115.104 -243.182 44.2741 0
441.834 822.148 -7.41962 32 4
-133.574 -645.471 -6.50829 43 4
438.804 -780.889 3.60588 40 4
263.981 -266.695 10.738 30 4
354.57 -263.956 319.365 55.6541 0
-319.115 718.553 3.73467 39 4
-420.062 702.048 -5.45876 45 4
-299.665 799.197 0.860937 42 4
-444.16 1007.33 -4.85727 46 4
423.302 -308.407 3.45705 39 4
430.426 -231.079 130.73 62.7057 0
256.905 -925.214 -5.18185 44 4
278.561 -680.742 0.810235 33 4
88.7885 429.267 19.5827 39 4
-416.528 -38.4393 2.14557 34 4
-27.7458 -493.013 -4.54194 45 4
-419.11 -26.6294 2.06779 38 4
-364.494 68.5005 -3.6206 43 4
330.73 -590.881 7.74074 41 4
364.507 -1084.94 3.7737 30 4
8.13495 20.266 -7.45514 31 4
486.128 -543.632 16.1688 34 4
-361.447 -560.179 1.92082 39 4
355.428 149.055 9.44449 48 4
211.903 -959.802 -6.61278 31 4
-71.9053 -151.43 8.12539 38 4
-315.716 590.833 -2.80414 48 4
584.279 668.924 -0.639192 42 4
-715.17 706.785 -18.0455 43 4
-402.047 644.089 2.54764 44 4
614.12 -28.0775 19.1975 32 4
736.743 -372.386 -13.7255 30 4
-130.866 -883.366 -2.92039 39 4
-132.756 6.052 -7.9696 47 4
-150.269 719.819 -13.7498 35 4
-206.116 -240.866 -3.2329 41 4
274.612 -589.364 -19.9821 30 4
-19.2654 137.384 17.0256 49 4
-339.75 769.194 0.214579 39 4
-158.691 717.226 13.2832 40 4
696.779 -110.695 2.83372 37 4
81.3268 -850.779 11.3333 39 4
3.75159 569.945 24.9725 36 4
-388.62 290.114 3.04856 37 4
-23.6949 -640.847 8.58499 43 4
-460.884 -207.533 -16.4328 32 4
482.443 -254.252 3.05203 34 4
464.479 643.291 -5.86856 39 4
-154.601 328.551 -6.57347 43 4
171.663 -332.694 11.5891 49 4
182.277 -298.917 623.38 54.2967 0
269.997 510.516 22.1878 37 4
370.131 -1042.5 1.76195 40 4
-601.517 710.945 -14.1468 35 4
408.52 -72.1174 9.71615 46 4
337.009 -192.637 259.992 39.9238 0
617.369 -502.036 -9.79288 32 4
-755.808 224.607 -8.57575 38 4
-131.753 -81.9001 -8.89865 32 4
163.429 876.29 -8.79693 41 4
367.211 -1030.2 -1.94563 38 4
193.719 901.125 -17.2351 36 4
-577.878 623.497 -1.90293 47 4
-393.006 -117.998 -25.0311 30 4
-515.29 6.72375 7.05461 43 4
201.088 -510.295 -8.0769 47 4
-158.703 -618.925 -4.58025 46 4
-26.4167 731.901 4.95737 32 4
-411.678 68.7551 -9.76721 30 4
674.482 729.743 -0.696771 42 4
-580.095 148.192 -5.36582 37 4
-189.008 -270.351 -6.51386 43 4
-126.303 -535.175 -0.482361 49 4
34.9449 -930.43 7.35061 40 4
-492.346 -758.882 -6.33683 34 4
-770.06 671.886 13.3622 33 4
710.517 -367.253 -7.56019 36 4
-548.522 356.12 5.64102 35 4
376.395 83.4349 0.383512 35 4
443.182 104.546 -180.707 52.5618 0
-417.154 -482.269 -8.98451 32 4
-103.162 588.834 5.02405 44 4
220.269 -643.586 9.20208 47 4
54.3063 -730.02 -72.6773 47.1019 0
122.013 -776.101 0.49184 43 4
-532.17 901.106 4.2987 48 4
-557.026 -258.339 1.66503 47 4
98.8011 -905.666 -7.51156 30 4
722.859 -175.633 8.37962 45 4
234.161 734.706 -5.57662 36 4
-338.308 -689.949 3.2952 41 4
352.247 -348.919 -2.74366 40 4
316.044 621.834 2.31408 35 4
-536.627 477.325 -3.79625 41 4
743.072 -23.0519 -18.0102 38 4
-657.966 681.998 -2.18568 38 4
-305.862 -708.317 -4.28784 33 4
-298.754 58.1129 -3.90235 36 4
-225.537 -223.112 9.22675 35 4
-281.33 813.938 8.84162 36 4
479.015 -855.812 -9.05835 47 4
61.8669 -585.319 -6.05107 42 4
-598.989 220.33 -12.3068 39 4
187.754 719.927 -10.9093 43 4
-592.664 0.560547 -1.5298 31 4
612.516 -321.616 -14.6673 47 4
661.976 -503.003 12.5359 39 4
211.819 -173.323 1.11431 44 4
204.017 -207.819 188.742 69.7771 0
202.656 439.172 -0.94169 35 4
105.695 -209.207 -2.35623 36 4
28.6241 -225.783 -403.286 61.5867 0
760.173 227.521 -3.28455 42 4
-559.194 322.805 19.5444 39 4
50.0392 824.341 -6.14167 36 4
82.8756 -890.926 0.216826 43 4
-591.823 -184.34 -10.2766 47 4
367.639 -162.342 0.269181 35 4
336.132 -203.084 160.114 36.6928 0
216.318 -730.093 13.1734 44 4
227.199 -461.964 16.4046 32 4
729.15 -11.9796 -0.838286 37 4
258.483 -885.201 -10.5751 39 4
239.396 -684.463 6.05769 35 4
837.502 112.833 13.3002 31 4
-251.911 -311.865 0.552403 32 4
-514.184 -504.722 12.3869 43 4
666.117 278.594 16.7592 45 4
-263.574 -1155.75 9.96773 32 4
439.202 -841.932 -2.73707 33 4
283.92 409.394 -7.51645 40 4
-156.361 311.76 -8.79674 49 4
154.156 -507.133 -8.92917 44 4
559.531 530.028 5.51558 45 4
-6.7193 -982.821 0.129679 43 4
271.788 -373.328 2.36714 38 4
-238.356 506.141 4.42266 33 4
365.049 215.434 5.03507 42 4
480.015 742.594 8.69656 48 4
-625.253 418.245 12.379 33 4
86.4872 514.741 0.728774 47 4
127.682 511.109 -9.92167 44 4
-469.848 88.1243 7.85396 39 4
-498.039 657.854 3.66221 45 4
751.204 -198.099 14.9555 38 4
366.805 830.457 14.0422 35 4
121.493 -534.122 -9.6895 30 4
136.489 661.094 -12.3859 30 4
-85.3899 510.083 -9.5893 47 4
-147.063 -264.119 0.66933 48 4
-35.7233 -609.311 4.70534 40 4
-122.587 -97.7209 -3.05652 30 4
-791.639 636.336 4.11325 30 4
-1.07324 -873.516 11.4157 32 4
159.028 812.605 8.51468 45 4
85.3591 876.299 -9.01833 48 4
546.318 299.175 -2.38135 43 4
-17.6311 -76.1089 10.5591 47 4
168.22 766.134 3.74601 39 4
441.56 265.972 -6.66731 44 4
-28.0966 -888.491 8.11328 31 4
-347.573 126.843 -5.9351 30 4
-553.607 796.88 6.12287 30 4
73.4792 234.126 -1.99899 35 4
589.688 192.466 15.6308 48 4
-447.821 546.131 -21.6156 30 4
615.508 162.524 -4.14736 39 4
414.956 360.237 15.4101 42 4
218.829 792.642 -10.8795 43 4
527.277 274.493 -4.69206 39 4
-467.802 -281.521 5.33286 36 4
-255.853 1037.44 2.14146 30 4
-694.482 573.883 -2.47653 42 4
329.3 149.365 -4.96914 47 4
244.312 877.921 16.5851 47 4
79.3177 395.905 2.81443 44 4
-152.137 -1106.31 2.62094 40 4
-241.841 -715.278 13.4637 44 4
-436.776 115.583 2.52274 33 4
-439.224 279.168 -3.63899 41 4
246.83 -24.0609 -15.2071 48 4
-371.402 -294.287 -4.09874 40 4
-262.887 532.086 5.58528 44 4
163.485 590.24 0.0501475 34 4
262.644 -541.562 9.76528 34 4
-121.16 589.619 -5.37604 42 4
441.157 -72.7134 4.72508 41 4
649.543 167.859 1.48715 47 4
371.371 -59.0669 12.5187 30 4
327.172 -112.232 71.1713 86.5474 0
175.599 -87.6222 -9.60671 33 4
157.809 -111.645 -106.878 45.6139 0
459.344 -305.682 10.4189 45 4
-92.7533 -741.463 -1.07271 40 4
14.9343 -407.806 -6.48153 42 4
5.64111 833.631 -0.217702 34 4
-78.3742 -315.128 -8.93969 39 4
94.876 289.448 1.7465 45 4
-441.938 -132.211 5.9179 39 4
126.391 -483.645 10.3377 48 4
484.757 508.672 1.97828 46 4
-293.666 -133.689 -13.895 44 4
373.696 -605.911 14.5834 37 4
-262.068 -485.118 -15.6657 30 4
347.106 -1035.7 -1.83607 37 4
99.1403 -902.351 -15.902 46 4
-156.155 169.086 -6.89731 42 4
-862.524 744.611 -0.375816 45 4
-319.015 -432.208 4.57326 41 4
220.251 104.149 15.5293 40 4
335.261 851.918 19.7872 32 4
-200.543 -912.902 14.1069 31 4
-293.257 457.32 -10.4473 39 4
-457.706 989.317 -2.23977 41 4
-338.278 -971.037 9.61874 47 4
610.1 543.406 5.01131 31 4
692.31 254.833 3.29925 39 4
-840.013 583.318 1.97612 35 4
-219.396 -513.544 12.6269 32 4
155.917 731.662 8.12675 39 4
130.37 -648.423 2.94181 45 4
134.669 86.8748 8.19684 39 4
-244.84 319.458 -2.38747 46 4
127.022 -757.722 -23.0237 41 4
-186.719 1194.98 5.73681 30 4
-266.008 848.97 13.9129 40 4
338.012 -121.03 -24.4384 40 4
350.282 -172.431 15.9601 24.9041 0
-18.7802 647.964 -0.857597 38 4
-712.985 844.105 7.95252 43 4
92.5363 -419.165 22.4718 47 4
-55.0974 870.946 7.01367 44 4
4.70544 305.836 8.50282 39 4
72.3722 333.764 -310.776 41.6283 0
425.362 484.609 -20.8491 31 4
187.505 -642.215 -7.44219 33 4
-115.481 -748.028 8.26912 46 4
690.506 107.758 0.341667 40 4
227.842 -495.517 -5.91512 37 4
-89.23 -174.622 -1.85797 39 4
-191.81 769.3 -18.3883 43 4
272.881 370.562 10.4124 43 4
-858.065 670.299 -5.77942 40 4
586.399 137.132 3.34385 39 4
-74.953 236.328 0.359576 32 4
223.476 -776.118 -4.30282 44 4
-197.161 -279.407 0.210237 47 4
-13.5048 -274.547 12.5367 40 4
-60.7243 -944.223 -19.4545 44 4
177.822 604.783 8.14721 46 4
305.384 -92.6089 13.8214 33 4
295.181 -73.3002 -104.787 64.0386 0
499.075 590.713 -30.0637 32 4
-424.866 -994.421 4.19275 40 4
504.207 38.9514 7.4821 33 4
428.453 17.5342 4.02873 62.83 0
62.0739 370.869 15.3299 45 4
-647.419 513.597 -9.35688 37 4
-372.099 -497.237 -3.22135 30 4
325.405 -205.484 -2.14566 32 4
291.67 -151.012 -97.616 68.6803 0
309.772 -441.255 1.73982 30 4
620.515 468.352 9.3692 34 4
-40.4978 392.483 -4.28082 46 4
435.893 265.521 -4.4374 48 4
351.659 -85.8702 -11.2591 45 4
-552.869 802.901 -2.58813 43 4
321.334 24.7489 14.2803 45 4
277.477 21.3531 -33.4957 11.9399 0
514.403 559.335 15.6451 49 4
-468.453 -989.413 11.9452 40 4
-47.626 715.789 21.5448 36 4
139.88 -490.684 0.297198 35 4
-78.796 -1118.63 16.3152 37 4
-153.977 -1126.55 -1.39789 30 4
534.049 228.593 3.47437 37 4
14.5976 -464.988 20.5635 49 4
-324.478 607.988 14.7474 32 4
584.434 467.461 8.49969 30 4
-489.51 275.543 -6.7616 36 4
762.953 -243.738 -2.57638 34 4
535.496 -550.424 28.0363 30 4
-570.443 -247.433 7.04791 46 4
-74.5397 264.128 -3.15989 33 4
361.589 -197.896 -8.79758 31 4
422.033 -258.779 -233.812 52.5728 0
-220.923 102.384 -0.355971 37 4
-440.044 -228.063 4.75328 48 4
22.6111 195.573 1.9856 36 4
307.626 729.782 4.27252 35 4
-435.258 616.7 -1.71722 38 4
244.658 -1017.52 0.680642 48 4
-217.646 530.54 -6.91462 34 4
23.2921 -352.082 0.513601 33 4
-413.386 248.941 -5.01486 45 4
321.639 13.2725 -11.7771 40 4
-259.707 256.903 1.08826 35 4
-466.125 179.438 1.20798 39 4
158.224 -500.787 -15.4821 33 4
693.444 -237.052 8.58416 34 4
-40.349 -484.203 -8.14922 36 4
246.56 71.8098 -19.7922 42 4
274.554 144.816 105.721 61.6991 0
703.673 -48.3953 3.58773 45 4
-109.501 -30.0474 1.05604 43 4
-186.325 -468.153 8.15191 32 4
324.135 -872.788 -7.95271 30 4
153.659 -811.716 5.14429 40 4
-49.9722 -541.109 -8.14336 30 4
98.4386 280.872 -11.787 39 4
-570.614 -134.641 -5.62613 38 4
-99.1609 394.277 -3.40802 40 4
243.457 557.802 -5.36495 39 4
96.5474 -474.799 -7.78915 46 4
34.4597 -1013.9 5.54029 47 4
413.548 -717.517 13.1561 32 4
197.04 323.493 -1.72756 31 4
183.458 309.984 66.514 25.453 0
398.689 -202.448 -0.643395 44 4
-314.864 195.856 -5.47622 34 4
718.271 71.6396 -24.4711 48 4
-231.811 -29.6407 5.34637 44 4
295.225 -175.24 2.26884 39 4
278.252 -186.113 3.76423 39.8478 0
453.83 395.735 0.32665 48 4
37.546 -210.85 -0.232122 34 4
-110.627 -723.229 -2.02755 44 4
93.4912 774.649 4.86866 31 4
732.335 -342.47 7.37765 49 4
211.825 -958.514 13.0886 46 4
212.892 236.444 -7.80552 48 4
-78.7628 362.432 8.20145 30 4
-138.987 340.02 -16.5852 49 4
-98.5992 323.721 -228.021 62.0013 0
439.028 -25.2344 -14.7889 33 4
445.749 80.2777 -243.887 93.2671 0
43.6948 1019.06 8.06659 36 4
107.488 -347.576 17.1104 33 4
-49.3724 -266.408 -6.01169 48 4
245.816 821.266 -13.058 49 4
618.354 156.526 -0.999236 35 4
520.181 -418.225 -20.7989 40 4
244.13 910.293 1.48332 31 4
-101.901 -641.491 -17.9804 47 4
-11.7845 51.9587 7.91636 41 4
250.488 409.874 10.1762 39 4
321.901 -435.728 3.46273 38 4
296.011 -64.7336 7.97469 42 4
232.121 -101.539 71.3212 93.1489 0
460.49 -304.439 4.9191 36 4
-509.963 326.197 -3.93807 47 4
-358.805 -660.919 5.51656 45 4
493.605 -9.21448 4.94997 49 4
162.892 774.401 4.8481 33 4
271.026 225.638 -5.4407 49 4
296.646 163.719 115.696 45.4572 0
-265.19 -1010.28 5.15787 39 4
-81.2184 -290.902 1.41632 47 4
164.544 -772.958 -9.04674 39 4
-474.969 -416.39 8.2882 37 4
308.427 82.1801 -4.96726 43 4
322.891 121.953 19.1672 42.3247 0
-556.343 -596.655 -4.43558 45 4
475.074 47.7322 6.16377 30 4
314.121 656.358 -8.05302 34 4
-667.124 589.19 0.657287 41 4
-207.704 347.071 5.36079 49 4
191.294 512.845 6.25169 34 4
319.881 37.4406 -13.5695 41 4
301.646 101.789 -120.2 36.493 0
104.197 287.369 6.88741 44 4
-156.512 66.4591 6.87554 33 4
158.621 -57.5713 0.135636 36 4
146.149 -60.748 224.917 68.5501 0
238.743 500.488 12.9383 34 4
390.294 -519.568 -0.579555 32 4
531.929 278.297 -12.3552 42 4
436.081 -349.948 -3.71026 37 4
-199.225 -688.496 -29.2281 46 4
87.941 -995.054 20.8564 31 4
53.3219 -961.072 7.7344 48 4
109.399 -360.685 3.18215 35 4
-477.436 212.658 -0.856729 31 4
-364.945 -326.253 -4.5816 41 4
305.245 -219.049 -11.2068 33 4
312.349 -257.866 -336.601 80.1119 0
191.249 638.756 9.15407 40 4
-54.4118 -189.578 -1.07309 36 4
259.967 41.7651 -2.59921 44 4
-313.492 323.315 4.46392 44 4
156.904 -256.505 13.2261 47 4
177.978 -273.912 -194.191 63.4441 0
169.109 -80.8615 -4.86086 45 4
151.518 -74.8757 100.484 65.1553 0
218.234 401.628 -8.94587 33 4
756.518 -68.5544 -7.2764 48 4
136.343 -1194.28 -7.63625 32 4
231.808 269.34 5.13874 47 4
-486.328 -296.543 6.27478 43 4
94.4928 518.258 0.304094 45 4
-568.807 254.85 -0.386821 43 4
588.395 507.42 -19.1837 47 4
210.013 -246.098 4.45439 44 4
268.204 -177.893 437.481 81.2558 0
21.3254 -214.528 -11.3707 48 4
-30.8647 -183.713 -20.3596 63.1555 0
-413.615 -111.18 9.77358 30 4
17.1886 -68.3069 5.17529 30 4
141.172 -89.8164 142.684 71.8074 0
-601.5 355.423 -14.5832 31 4
545.197 -378 17.4587 36 4
-231.775 871.849 9.37593 34 4
433.682 208.294 -3.30023 45 4
-22.5387 -1177.88 1.57336 48 4
-128.118 586.097 -8.92442 33 4
-272.239 178.306 -3.85957 41 4
-124.994 311.086 -5.87531 42 4
-190.382 -449.034 -15.9573 32 4
362.655 -295.834 -9.59762 39 4
-331.814 -584.24 -0.336281 35 4
-529.693 -238.505 0.212131 35 4
-522.575 -146.577 3.32033 34 4
-236.809 88.0245 4.21576 46 4
-661.449 640.247 -12.3777 33 4
-484.338 556.834 -16.0572 41 4
-310.038 65.8926 12.2847 32 4
-345.609 373.505 -6.22359 30 4
-71.5212 27.7362 -4.60375 36 4
-204.561 332.545 -4.84901 35 4
-141.175 102.887 -14.825 41 4
-21.9446 -234.526 9.83095 39 4
-173.611 -822.014 7.27258 44 4
-162.499 -481.016 6.88545 34 4
84.46 -110.56 -18.2387 46 4
-0.71106 -123.523 -61.6589 36.6103 0
94.6335 27.6349 -11.0629 38 4
120.201 -50.1732 -127.576 66.0179 0
-432.836 -288.347 5.49254 31 4
-396.55 -484.32 -3.06722 40 4
549.5 -23.1643 3.8675 48 4
237.788 721.343 -8.08984 31 4
-124.82 908.237 -10.8222 32 4
-208.906 703.785 -4.73384 49 4
681.53 -37.0259 9.83176 38 4
-520.345 -443.192 -18.9344 48 4
-556.524 611.327 7.52929 36 4
303.239 946.438 1.38712 48 4
-304.71 -50.436 -12.9773 32 4
282.557 194.433 -25.2399 40 4
309.491 137.806 -32.2252 54.8985 0
-390.135 -334.749 2.46896 32 4
84.1 -359.619 -8.35401 34 4
88.8851 -314.874 159.696 65.2976 0
-422.121 -107.844 1.66475 49 4
3.21448 97.34 1.65759 38 4
-103.31 -462.203 -5.56473 31 4
-194.882 -966.295 -8.21155 45 4
-192.282 -530.99 -1.17411 46 4
91.3564 48.2212 -19.9281 34 4
-273.469 -480.434 -4.01775 36 4
175.759 422.905 7.21002 48 4
-12.666 -195.454 4.64993 46 4
-209.222 226.412 -4.36761 43 4
318.399 -143.267 10.9867 45 4
370.186 -168.18 103.451 79.6264 0
-206.727 471.478 3.36653 37 4
475.317 -617.443 3.77542 44 4
169.986 -205.279 -4.62953 32 4
142.589 -142.906 264.782 116.106 0
138.951 255.346 -2.38355 34 4
163.353 -449.508 -12.8596 40 4
-329.217 65.9662 -10.1046 32 4
311.193 102.977 13.7402 47 4
-24.8688 698.773 -5.13541 42 4
-171.004 907.453 2.24969 30 4
-599.387 99.4727 -0.434633 41 4
-283.691 -427.441 5.34588 36 4
-361.531 -136.865 -0.594911 41 4
132.197 69.3121 1.15738 49 4
73.3361 94.0762 237.908 69.9554 0
267.836 699.801 -15.1515 34 4
-337.221 718.261 -1.61106 39 4
-260.037 766.945 3.64083 39 4
-191.956 -18.4839 6.54272 36 4
-117.635 -165.562 -12.7217 49 4
-7.99597 -439.56 5.76839 34 4
476.714 -405.094 -8.56876 32 4
186.575 -593.759 0.847223 40 4
256.707 470.682 6.89215 42 4
-152.712 -435.19 -5.53907 33 4
368.96 393.976 4.68176 36 4
-139.018 -360.159 13.5833 38 4
755.536 -226.732 -6.99361 49 4
-34.9899 39.5679 1.95938 42 4
62.9358 245.645 -8.97109 48 4
74.3428 263.103 133.225 26.1831 0
75.682 -680.087 -0.311991 46 4
58.1986 162.831 -23.7723 47 4
217.853 -151.908 4.77499 43 4
256.71 -233.774 543.826 57.0281 0
-606.559 742.701 0.823175 45 4
-96.6526 768.2 15.1606 33 4
659.113 -30.9132 11.3145 45 4
-162.207 1134.97 -0.925728 49 4
-395.158 361.889 14.0109 35 4
-72.7304 722.902 -14.9557 39 4
587.337 -375.454 -23.4862 47 4
-151.243 -859.359 15.7009 39 4
433.598 -673.857 17.4046 39 4
422.852 497.038 -12.9667 30 4
-96.3249 -1049.59 1.86865 45 4
-339.957 -281.34 6.16235 42 4
-296.772 165.637 -1.65412 41 4
305.478 -29.5454 11.6859 30 4
261.971 -63.2382 -80.0425 63.7784 0
-361.034 -392.846 4.80253 32 4
216.926 680.49 -9.05979 30 4
-703.835 503.417 -2.69067 36 4
-89.4684 -487.145 4.74305 43 4
-197.181 -699.076 -12.4435 46 4
2.73218 -313.352 -13.9231 39 4
253.814 810.907 12.9176 34 4
-8.45239 81.3248 4.3186 38 4
-367.694 -855.021 -15.1021 34 4
-342.314 345.97 4.01818 40 4
571.977 302.141 10.4791 38 4
-177.22 -129.192 0.176711 34 4
-452.091 774.046 -1.24723 44 4
85.1853 -340.318 10.0606 48 4
212.038 -128.513 -6.69983 42 4
126.883 -97.2722 343.083 47.1455 0
615.685 -73.422 5.43043 34 4
-710.777 -46.9087 -11.7028 42 4
383.084 796.292 -13.1852 37 4
-553.602 19.5168 -10.0389 37 4
105.402 350.722 8.57157 49 4
-130.053 354.592 -6.44392 49 4
-380.379 283.33 -3.88341 43 4
461.595 233.459 4.97775 39 4
-86.4117 -382.822 -9.137 38 4
-188.849 303.922 6.56081 44 4
-23.2733 -5.52344 27.2027 40 4
265.869 197.854 -7.44449 38 4
215.954 173.015 -249.123 51.764 0
-369.624 -333.354 -6.10177 40 4
374.08 634.714 -13.6292 45 4
-215.868 -344.456 6.53135 49 4
467.048 -92.9747 8.99341 40 4
90.8318 2.04761 -5.20617 39 4
115.464 -99.3275 -508.582 70.896 0
-504.117 668.134 -7.93275 41 4
-544.606 821.696 -9.28101 38 4
-394.481 228.186 -2.23416 32 4
-105.647 512.154 -10.7432 38 4
214.424 -5.43652 11.0709 47 4
222.375 -105.484 -69.3335 83.4308 0
52.4177 518.65 -15.2842 36 4
554.071 -405.419 -8.16149 38 4
-76.7814 140.993 2.57682 44 4
-122.193 -521.788 -5.74525 38 4
178.212 -938.029 -0.586766 39 4
-75.9485 -598.446 5.57762 48 4
-514.464 -848.752 2.67784 33 4
29.2666 -792.13 6.79665 37 4
41.9025 -399.312 2.03186 40 4
6.33875 -472.027 -353.446 85.5518 0
-338.907 -866.138 -10.3218 37 4
466.015 -287.5 11.6138 41 4
-5.21545 -989.753 5.9509 39 4
623.012 -424.426 -18.1835 36 4
-424.938 873.378 9.53253 33 4
561.168 127.258 -14.46 30 4
-598.415 149.385 4.8791 41 4
-207.001 525.794 24.4743 34 4
237.766 -24.7533 -1.83996 38 4
99.6355 -73.7778 1.2102 36 4
154.135 -70.5629 210.67 35.8318 0
-168.309 -175.106 18.8205 36 4
-119.336 1062.16 13.0736 46 4
400.527 517.62 -5.67415 46 4
-494.946 33.3043 -4.07125 31 4
315.135 55.4911 2.82924 37 4
265.719 42.469 180.645 53.27 0
4.01215 83.8969 -6.71315 48 4
-622.432 116.279 4.92969 32 4
526.753 -606.874 1.46144 49 4
120.384 202.393 3.81586 36 4
213.531 218.752 -153.825 73.0315 0
-110.172 -318.566 1.61893 35 4
178.114 -142.895 10.0423 49 4
136.906 -127.974 -197.592 87.02 0
568.027 -190.899 -4.20298 34 4
-257.002 10.1256 -5.56316 33 4
300.26 95.1917 3.21212 37 4
254.222 68.9675 26.8716 58.3135 0
234.422 183.064 -0.384932 48 4
261.143 156.61 -57.3369 62.5263 0
-432.721 -481.217 2.52027 42 4
100.677 -658.083 -6.88738 38 4
-129.741 -217.156 -7.28952 38 4
-573.355 765.39 -0.538503 37 4
89.0266 -322.743 1.19171 46 4
-628.835 -31.3457 -10.2848 40 4
27.9883 -738.706 0.147891 44 4
146.243 859.804 13.8678 49 4
-584.702 211.923 -9.43091 41 4
-344.728 -4.51086 1.84381 42 4
640.307 -225.145 -2.29561 32 4
58.6498 120.538 -11.3066 42 4
-419.598 -558.323 13.4858 34 4
460.358 -466.723 7.84209 36 4
-165.402 1058.26 -36.8214 30 4
35.2417 -55.8187 -4.23035 32 4
-441.681 234.405 2.12975 43 4
42.2509 -863.815 7.28256 39 4
-34.6857 -366.135 -7.38581 48 4
-388.162 283.434 -9.67548 36 4
654.461 -12.2307 -3.22824 38 4
748.749 -49.6597 -6.37182 46 4
274.413 398 -11.2633 39 4
291.935 630.268 -2.9013 37 4
422.735 344.38 5.07811 32 4
-34.3582 102.133 16.6662 36 4
-66.1279 349.469 21.066 48 4
598.293 67.1685 3.5201 48 4
-3.19653 -928.968 -0.353453 39 4
171.478 -358.101 -5.65704 48 4
157.885 -199.828 362.433 79.0065 0
119.375 241.83 10.5394 38 4
104.535 155.73 -382.697 70.7675 0
-457.61 -25.5919 -4.23086 31 4
146.995 725.72 -4.55223 36 4
-413.561 -620.252 -5.87779 38 4
-337.008 26.2908 4.21655 30 4
-315.871 -382.714 -0.357205 44 4
137.271 -685.991 -1.95458 48 4
132.383 -102.141 5.72934 44 4
153.798 -210.56 255.15 34.3618 0
241.586 -50.3018 -7.45666 44 4
234.056 -54.8761 37.4775 39.6364 0
-125.036 668.674 -9.42511 32 4
-342.991 -351.919 -13.4624 49 4
-342.518 -230.604 -7.40152 46 4
283.071 133.62 -14.9483 44 4
141.111 126.56 173.243 57.8023 0
-104.08 143.419 -3.27621 45 4
32.7203 -928.749 11.3572 45 4
212.594 -417.504 -1.06698 44 4
396.537 -1141.47 5.12018 47 4
-176.834 19.8201 -11.2251 30 4
115.406 -433.977 -1.70595 45 4
282.672 -67.1071 -11.6419 37 4
316.241 -218.373 -128.438 47.6996 0
-385.981 -669.196 -0.33428 36 4
512.97 229.175 -14.0143 34 4
92.6111 -909.581 4.79259 33 4
624.972 -79.0265 -13.4864 45 4
426.824 -426.935 -1.0689 33 4
228.456 562.567 -8.8797 47 4
-274.02 54.4846 -11.96 43 4
-241.897 -365.106 -3.09325 32 4
-301.036 745.537 -10.1052 38 4
527.097 228.598 -4.83036 33 4
38.4515 505.207 -0.964544 30 4
13.2133 422.255 -15.3427 38 4
109.286 575.03 6.03699 46 4
-39.8204 549.334 -2.6763 36 4
110.471 -189.684 8.19223 39 4
78.928 -224.52 188.781 86.4915 0
181.501 -103.237 0.12269 47 4
154.318 -150.195 104.641 56.1515 0
-528.471 -62.5194 -4.1777 31 4
36.0651 -210.577 -19.9234 49 4
45.9272 -243.521 -350.235 69.4503 0
-144.048 -962.958 8.2593 33 4
519.276 286.748 8.17671 37 4
-199.936 238.447 14.3898 31 4
-116.021 -412.382 -0.374079 32 4
-147.796 233.221 -7.26017 33 4
606.962 397.947 2.92671 45 4
6.76825 -264.555 -9.46823 47 4
-182.748 950.307 15.2744 40 4
-63.502 -206.65 10.9861 32 4
-84.2665 -13.2815 -8.54143 36 4
242.976 -142.467 1.87705 40 4
280.787 -225.724 -292.2 60.7725 0
-242.307 50.75 -20.6293 47 4
308.993 -51.3822 -2.09438 43 4
-123.096 506.894 -0.579433 47 4
369.8 -168.02 -12.7504 31 4
356.781 -148.984 23.3951 53.3713 0
-381.125 -234.459 4.30738 38 4
-53.008 -551.848 3.41762 34 4
-343.787 -110.017 -9.36647 47 4
-183.927 -684.067 8.94544 36 4
-355.059 719.323 12.2032 48 4
389.621 356.248 23.1963 49 4
-200.806 -141.054 0.498696 36 4
143.953 -585.514 4.12752 43 4
632.216 -503.302 19.9786 49 4
133.947 -851.36 1.20134 36 4
38.8805 45.1512 5.76626 39 4
-138.302 707.751 -3.0536 47 4
180.948 -677.381 0.368622 45 4
328.659 -270.572 -1.67305 36 4
272.714 -242.198 430.594 78.6879 0
-411.54 -213.094 -4.3339 40 4
435.174 -329.131 7.19498 45 4
386.517 401.421 4.95568 32 4
-146.591 656.131 12.654 47 4
-656.687 177.407 16.6408 46 4
67.2693 270.157 4.23566 46 4
-6.83801 446.031 -10.3489 43 4
-91.6112 677.92 7.59327 42 4
-115.984 -286.49 7.99666 44 4
-370.592 -149.611 8.93597 33 4
347.019 381.401 -0.266474 36 4
275.024 -74.1304 -1.56093 30 4
210.433 -30.2396 -137.504 53.6842 0
-448.731 -379.312 -3.49313 44 4
114.665 96.6671 -11.5132 33 4
647.105 145.136 3.59771 36 4
306.251 -541.89 2.50333 33 4
109.532 343.722 -8.46015 47 4
78.0006 812.497 9.9928 44 4
-73.3618 -39.255 8.92552 49 4
294.185 161.348 3.80857 44 4
258.768 114.58 -185.275 58.3086 0
-88.7688 -599.427 -7.04408 42 4
43.9502 -390.427 0.629373 39 4
70.9574 -382.823 7.47839 43 4
-582.309 -91.7302 -6.62444 48 4
-329.159 -878.442 8.87453 32 4
-393.205 -555.843 1.97166 34 4
-125.113 20.3438 -4.68373 35 4
33.5225 -675.412 2.79172 34 4
-452.301 46.1222 -20.3199 43 4
264.499 610.906 -12.3913 42 4
201.913 -44.7742 -15.4096 32 4
299.315 -6.56958 -182.935 51.2526 0
-194.576 176.264 10.51 34 4
237.362 -425.04 6.9184 37 4
357.375 341.109 -1.95437 34 4
390.717 -553.606 1.2669 31 4
160.719 258.675 14.1709 46 4
149.913 274.125 -484.866 27.7942 0
354.617 -689.614 -0.456622 31 4
-226.06 131.367 -5.62603 36 4
-56.422 386.991 -16.62 38 4
-217.484 -738.586 -4.97605 37 4
251.568 -49.9601 -13.3255 40 4
289.31 -73.0793 -39.4428 75.6266 0
-145.794 -310.292 -7.7692 44 4
-426.719 -76.9324 -1.94573 49 4
311.092 -612.698 -9.60573 46 4
-168.607 523.552 -1.85317 39 4
-87.3052 -168.68 2.24949 35 4
486.102 390.202 -2.79923 41 4
-256.746 252.763 12.9578 36 4
-149.716 -375.549 0.896246 30 4
-682.822 605.852 6.19522 32 4
-116.734 20.2738 3.1426 42 4
217.426 668.339 8.36521 42 4
-11.5372 542.581 0.905344 42 4
-262.83 -424.906 -8.55004 47 4
457.749 254.758 -10.3583 33 4
-606.333 339.702 19.3331 36 4
534.239 451.716 -10.5087 31 4
-523.002 -515.253 -9.24085 30 4
228.922 847.305 -4.03507 40 4
-191.449 -1090.58 3.2091 37 4
-94.0349 -201.449 -22.5379 42 4
-2.5979 -241.395 -2.00992 43 4
449.615 62.7383 8.78256 41 4
-364.979 -66.6322 -4.64945 30 4
-261.02 -898.858 3.36875 47 4
330.557 -215.886 13.0324 34 4
387.654 -218.224 -607.09 69.3634 0
-20.4719 742.029 -1.54109 38 4
164.286 -662.708 -7.2371 40 4
567.195 304.087 2.94114 41 4
-330.901 0.0668945 11.4561 38 4
-690.809 608.451 7.0557 47 4
-539.374 -23.2847 14.9734 43 4
-315.266 -410.116 18.5508 44 4
125.059 61.2893 4.8551 47 4
-112.053 338.785 9.37088 31 4
196.833 257.093 2.27203 33 4
-195.028 -936.02 5.12587 44 4
328.354 192.048 -9.12681 34 4
291.82 153.155 -438.868 63.7182 0
349.24 -581.046 6.29497 32 4
94.6481 902.546 -7.28025 44 4
-293.373 188.596 -4.2913 36 4
269.781 624.952 -3.1638 44 4
185.46 -286.184 9.89768 49 4
185.929 -527.304 -7.59639 48 4
103.568 -496.731 -5.27216 34 4
-261.754 -147.035 -5.83862 32 4
-19.0316 -484.002 2.4994 35 4
193.568 -253.965 12.2026 47 4
280.903 -59.1541 236.442 87.3912 0
591.666 -438.781 3.26044 32 4
-61.0325 -310.868 -0.613322 37 4
-177.37 545.444 2.84383 34 4
4.52356 219.258 3.02534 44 4
-3.44647 140.378 -62.0947 60.5414 0
-89.8602 -375.003 3.64673 30 4
-178.12 -113 11.8723 45 4
-50.9436 -50.5936 -0.575719 36 4
-336.935 98.9529 -4.74151 40 4
-71.1129 205.279 1.72002 30 4
111.955 -17.0375 -12.9074 44 4
167.401 -38.9813 -104.77 43.7587 0
-62.7848 -54.5771 8.67194 30 4
107.796 274.944 -2.0101 33 4
64.1061 221.835 48.1785 49.5269 0
-14.9882 840.655 -14.0147 32 4
679.341 -176.519 -9.17463 40 4
-479.687 193.726 8.20466 38 4
89.1832 -756.406 -6.90684 46 4
120.365 224.28 0.134642 49 4
221.815 -76.6531 2.78509 39 4
256.02 -46.0972 -111.992 55.5814 0
214.117 352.907 -3.78191 42 4
-174.821 77.2982 8.76406 43 4
-307.282 588.858 13.8667 35 4
12.3777 -988.959 -11.0476 44 4
-700.714 442.921 12.9569 38 4
78.9904 19.3085 -7.53859 41 4
408.357 77.5817 -4.9715 30 4
334.625 117.33 -101.988 23.4699 0
234.259 403.671 -11.2262 37 4
-227.618 550.975 6.11592 32 4
174.094 482.052 28.5097 34 4
-143.125 -754.401 10.9344 39 4
-351.006 481.229 -7.49334 49 4
-12.4368 -216.399 13.0942 32 4
237.088 -627.199 12.7578 33 4
-131.815 -189.604 -18.9195 36 4
133.353 -18.3666 -4.61075 36 4
155.926 330.325 8.51595 47 4
203.533 -444.654 3.32082 37 4
43.6586 301.729 7.67236 44 4
-267.71 162.628 5.76175 46 4
451.524 -825.577 3.63735 39 4
-471.724 3.82776 19.6788 36 4
251.181 -200.421 0.505615 40 4
145.145 -147.875 -511.225 23.1475 0
566.562 -67.1654 17.7379 39 4
-591.835 244.464 5.48362 39 4
542.035 484.614 -1.36919 35 4
-215.996 -35.0049 -14.0517 41 4
-232.791 -624.847 1.62632 47 4
-318.896 386.772 0.146417 43 4
-60.2467 826.689 6.30652 40 4
107.177 52.2004 4.10473 48 4
607.919 -397.706 -1.29025 35 4
-436.759 -893.215 13.1165 34 4
-324.002 37.1072 3.9816 33 4
41.8333 862.354 5.07617 49 4
-102.235 -39.1254 -1.70465 34 4
771.141 49.6279 4.67422 36 4
-181.334 -134.548 9.5543 42 4
277.134 -148.987 -6.03131 33 4
267.499 -155.99 334.063 76.1034 0
627.905 568.276 -11.4966 38 4
541.747 -214.51 6.63209 46 4
-573.006 437.924 -21.3171 42 4
-295.914 -168.202 0.627887 37 4
-175.337 46.5215 11.5924 40 4
-33.767 57.7184 4.41793 37 4
-707.232 621.391 -1.05505 36 4
536.401 98.916 -2.21195 47 4
-248.103 -601.218 -11.4042 34 4
-224.935 158.265 13.0674 43 4
3.24731 -23.934 -5.56369 41 4
150.792 -375.843 9.85016 42 4
241.129 -330.254 45.3781 56.407 0
-142.259 79.1396 15.02 44 4
264.444 -225.07 -1.80172 47 4
277.074 -241.961 -163.009 65.3618 0
-432.048 436.992 -10.9227 45 4
408.156 164.575 6.22467 45 4
393.635 48.1066 66.3287 66.9463 0
-251.037 277.185 4.27306 48 4
149.695 338.303 -5.73969 30 4
73.3494 316.795 -250.415 63.207 0
52.8774 593.106 6.51785 37 4
-524.612 -951.31 -6.28527 37 4
305.145 258.199 0.0788879 43 4
-154.693 -598.292 9.13435 47 4
-114.39 -345.601 -19.2116 47 4
159.497 -377.878 5.60037 49 4
-521.532 262.328 -24.3982 43 4
431.943 -448.715 -10.7029 42 4
-292.865 510.252 1.82244 40 4
-30.1794 723.028 3.1313 47 4
277.849 -554.076 -10.7458 48 4
52.7625 -369.191 -3.91474 32 4
421.379 -356.693 8.92389 30 4
321.206 -254.583 13.0924 37 4
335.908 -300.027 78.1637 19.743 0
327.366 285.206 -13.8197 41 4
70.2407 -313.091 -16.2708 34 4
-153.898 164.527 -17.7338 36 4
-205.518 257.668 -13.5521 31 4
576.475 0.342773 14.1216 41 4
-457.647 -550.323 -3.69522 42 4
-7.46655 -152.981 -1.58752 48 4
53.7412 -104.595 714.956 20.3403 0
-77.4401 -1111.2 4.96437 38 4
-26.3429 -89.009 -2.83837 47 4
257.402 -288.632 6.30653 31 4
332.499 -203.961 -77.374 92.6352 0
-200.632 701.556 10.801 30 4
-406.578 -571.93 9.39629 41 4
-44.2603 -28.2015 -7.30152 40 4
298.067 -239.296 6.89696 37 4
313.201 -195.414 -623.785 83.0281 0
-308.658 265.28 -11.3246 49 4
-82.0098 -225.642 -7.92969 30 4
153.485 -542.66 -5.06195 37 4
-299.657 -220.934 9.30059 36 4
-548.964 108.123 -2.07503 49 4
-306.73 428.569 -5.10258 43 4
-18.5779 -829.18 5.89906 33 4
-53.9053 567.263 3.21757 46 4
-201.799 183.318 5.30993 34 4
-565.312 135.057 8.25268 39 4
-64.1516 570.769 10.247 38 4
-92.3576 -324.885 -15.2657 44 4
295.475 234.118 5.21566 36 4
201.113 -231.281 -12.5491 49 4
232.467 -199.648 -163.381 50.8055 0
284.784 -1033.85 12.124 39 4
413.607 -981.809 9.17963 37 4
62.6147 457.662 17.6228 48 4
-30.2254 218.709 -0.467697 30 4
-223.267 160.76 -24.1995 41 4
363.961 158.114 5.4626 34 4
346.204 15.2444 -1.74407 43 4
335.87 47.2982 -7.53153 88.5935 0
-495.351 126.79 -2.71527 45 4
161.996 481.716 14.0549 39 4
-98.0302 729.147 -0.455154 34 4
331.058 539.805 -3.50407 33 4
-205.249 -758.651 7.12645 48 4
657.318 512.568 -4.79399 35 4
-28.4028 0.571289 -1.68946 45 4
-9.79803 -285.35 8.4663 32 4
700.426 -429.197 -2.28283 38 4
-222.735 -55.1016 14.6356 33 4
-576.78 292.694 -4.17873 31 4
492.743 -311.061 1.15736 38 4
621.088 391.575 -2.84065 32 4
33.0505 -744.903 10.621 37 4
482.211 456.266 -8.05074 30 4
-294.093 -935.604 5.85782 45 4
-81.6411 -22.429 0.817769 32 4
145.257 500.067 -3.87373 46 4
9.85083 101.544 -25.7209 41 4
-467.512 782.855 1.70734 41 4
-649.764 231.219 1.3028 47 4
363.449 -648.094 14.1139 48 4
489.155 -214.59 2.37856 48 4
-63.3253 301.548 8.18667 46 4
55.4036 -9.64636 14.433 37 4
-342.945 659.882 3.53367 47 4
-315.06 -519.467 13.2411 44 4
-663.715 491.348 -10.0297 49 4
-226.074 983.442 3.24744 30 4
550.458 281.371 -4.22991 40 4
359.584 200.591 9.37863 42 4
355.492 245.045 -116.323 89.2867 0
-195.24 128.618 -4.77995 37 4
-373.83 13.114 -6.40135 41 4
-259.563 -96.1046 17.2307 46 4
-593.564 999.421 12.5531 32 4
-43.3714 744.238 11.3324 40 4
700.079 113.34 2.68556 44 4
-608.032 468.657 2.30679 48 4
402.596 637.973 14.3949 42 4
291.125 -75.9144 2.04271 32 4
485.059 94.7708 6.95671 43 4
-152.609 31.3529 1.20256 43 4
-42.6137 -611.187 -6.22902 32 4
-318.149 -332.655 -12.0323 37 4
258.371 117.92 14.3009 42 4
222.872 183.207 9.98785 50.4264 0
678.123 -196.571 3.11623 44 4
557.647 -750.446 4.25812 45 4
-229.018 620.972 -20.9112 44 4
167.319 493.105 7.74612 41 4
-20.9065 310.59 4.31262 36 4
-579.681 -115.327 6.24441 48 4
-273.511 -154.171 5.40462 30 4
372.186 88.0541 -15.9737 34 4
391.497 55.1107 341.256 27.7016 0
139.4 -396.596 0.961512 38 4
417.751 -90.3092 9.92585 38 4
285.184 -103.905 -11.2507 33 4
-233.26 -249.682 3.07926 35 4
411.997 -61.3308 -0.236687 32 4
403.038 -26.6465 320.451 75.1077 0
-65.9449 -326.702 -12.2382 44 4
-172.298 122.328 -6.13374 47 4
73.8579 -689.839 -5.80612 34 4
266.562 33.7812 6.89556 37 4
385.111 -30.0895 300.067 29.5987 0
433.642 -193.651 -8.42168 35 4
471.938 -168.609 -365.53 38.0829 0
3.94714 -29.0983 4.84927 46 4
-330.062 -481.44 10.2876 45 4
462.536 17.952 -10.4154 37 4
86.3115 -437.993 1.06268 36 4
248.501 655.023 8.22863 39 4
513.262 -98.33 9.60369 47 4
240.241 75.906 13.7946 40 4
272.065 144.57 -214.866 81.0298 0
94.3979 694.705 7.57949 33 4
100.261 -399.925 -6.83237 32 4
83.5345 -430.395 9.94825 33 4
-339.152 558.64 -8.03654 48 4
-83.1379 272.17 -21.4217 40 4
-484.463 153.358 0.489414 45 4
106.544 128.987 18.0979 42 4
98.9529 -64.6648 -1.01737 35 4
162.1 -41.9678 87.5258 61.1432 0
-469.375 591.176 2.88052 31 4
172.461 239.351 -25.4162 45 4
113.626 185.995 331.993 67.2763 0
-336.175 -72.1035 3.81785 41 4
385.686 -643.222 -5.29847 41 4
423.386 -201.859 -21.4946 45 4
416.934 -170.073 -613.353 48.2929 0
-383.032 475.113 -8.89182 38 4
230.467 -165.646 -2.78222 49 4
174.999 -228.35 215.707 34.4911 0
-263.357 811.15 -1.31657 33 4
-488.464 -351.245 -16.388 33 4
-41.7869 -676.045 0.0604533 46 4
348.555 307.281 -4.66855 47 4
570 280.865 -3.27541 48 4
-114.439 124.48 28.5698 36 4
259.906 211.549 7.87051 32 4
-99.0842 -115.255 -13.1587 35 4
-59.1942 -618.118 -7.96893 41 4
587.615 243.082 -3.15014 40 4
-650.678 695.224 6.80244 30 4
56.876 963.804 -0.510327 40 4
118.495 946.377 -7.36587 38 4
-77.5243 -814.629 -1.39807 32 4
672.764 -233.128 21.491 38 4
-346.194 22.5996 8.39606 48 4
150.445 -18.3862 -10.6294 47 4
148.231 -667.658 -12.0044 40 4
-113.432 -1098.21 -14.3011 31 4
-533.159 321.538 -4.36798 45 4
-27.0953 -377.148 7.44538 30 4
405.246 -412.927 -14.1334 38 4
-530.736 597.536 3.76127 30 4
201.223 273.768 -15.0093 47 4
-354.532 -227.695 -3.45045 31 4
-458.964 188.228 -3.83936 45 4
-214.537 -290.064 13.5017 31 4
-17.6184 834.652 -9.86218 43 4
586.845 -206.888 -2.4485 33 4
-220.719 -511.397 5.33399 39 4
-72.9308 -840.985 -10.4296 34 4
-154.204 752.962 19.4487 48 4
322.844 348.756 -6.33682 42 4
361.023 -698.118 -3.58891 43 4
-480.822 477.799 -9.96767 46 4
262.928 -536.553 -14.3978 40 4
219.307 -485.843 7.13931 49 4
635.986 122.502 -12.1407 40 4
635.446 -332.17 -2.35039 37 4
-308.078 543.361 8.12189 40 4
465.119 88.219 7.56461 42 4
50.5485 589.09 25.1987 30 4
10.8781 565.188 8.92692 30 4
11.6558 830.081 -8.90952 30 4
7.1106 -146.424 5.51296 44 4
-477.194 545.049 6.12247 30 4
291.963 -47.0906 -0.873414 48 4
221.345 -135.763 -38.0788 62.7338 0
15.3339 -1016.2 -4.76384 41 4
136.886 860.839 -0.746588 41 4
-283.397 669.773 -3.50127 49 4
56.1283 340.959 5.79927 49 4
362.315 155.936 -14.11 33 4
569.215 -216.172 -9.58146 49 4
-88.2188 -440.972 -10.1299 49 4
-186.239 -1078.18 2.06498 31 4
135.473 -297.455 -10.7115 42 4
139.221 -326.445 -445.86 59.1912 0
502.142 -234.144 -5.70924 36 4
-535.716 783.612 10.7012 44 4
-270.61 7.51526 9.20939 47 4
-440.57 -66.7328 3.21151 39 4
-191.743 169.554 -19.7034 33 4
237.525 -522.141 3.47129 32 4
-231.727 80.4056 10.7682 38 4
-73.4594 -0.422729 3.48035 37 4
-313.883 799.785 2.38151 45 4
122.109 -4.65588 3.95682 46 4
153.096 -95.0565 -107.758 48.9883 0
-229.178 -165.708 3.77234 40 4
213.033 -318.146 7.01762 44 4
251.446 -318.331 51.9807 92.2882 0
-650.54 392.1 22.7577 36 4
-209.547 323.235 1.57387 39 4
-446.323 -198.313 -1.44739 46 4
-165.437 754.863 -11.5995 48 4
210.922 -123.551 -6.36339 39 4
161.599 -134.663 -190.287 15.796 0
-188.71 -772.121 -4.65452 46 4
-339.823 657.013 -22.8219 48 4
-87.6989 829.327 2.85819 45 4
52.5941 -299.393 10.2401 39 4
-588.065 419.852 -22.0357 38 4
677.382 -311.069 -6.94443 37 4
-799.023 485.29 -0.674834 30 4
178.916 20.1528 -2.89314 37 4
205.138 84.6339 -769.02 51.5131 0
-271.218 -278.497 -4.87809 48 4
438.416 -685.817 6.8843 45 4
-137.075 -880.869 -11.6002 48 4
103.835 609.312 6.35272 47 4
402.409 -156.712 9.26015 38 4
329.417 99.3035 -3.04816 40 4
401 107.267 24.2648 49.1941 0
627.679 -161.3 -9.18492 45 4
-355.524 7.90735 -2.8163 32 4
556.601 483.813 0.0263057 38 4
-482.576 -653.539 -6.12515 35 4
-183.629 -358.603 -3.54365 47 4
295.007 -262.365 -23.7802 32 4
327.996 -271.027 59.1567 55.8717 0
491.89 385.78 -14.5008 35 4
-71.6196 475.102 9.28632 47 4
-426.816 253.018 -4.585 39 4
268.816 -299.412 4.91474 31 4
298.238 -183.431 304.537 70.1022 0
523.278 -537.942 -11.5381 37 4
165.901 -826.197 -8.35844 33 4
-484.006 293.319 0.479264 49 4
-566.925 539.782 -1.78538 46 4
710.13 -52.9543 -10.8594 49 4
-276.653 -238.459 9.25757 39 4
540.868 -181.432 -7.17503 48 4
8.81335 -638.032 7.4767 37 4
320.789 277.695 12.8442 37 4
145.799 651.721 7.30244 43 4
-53.9556 -271.317 -2.90303 46 4
196.922 -50.4769 1.23979 45 4
216.023 -108.976 202.819 60.5858 0
264.44 -577.064 -0.362993 42 4
-55.4696 -410.596 -11.4557 38 4
-510.721 -732.509 -3.66478 44 4
-19.1452 525.524 -5.12238 40 4
715.858 21.4156 14.9859 46 4
328.653 135.506 11.022 34 4
91.0857 -139.554 1.53355 49 4
119.395 -145.391 157.647 62.5693 0
208.547 -791.154 -3.01902 46 4
-443.118 -103.167 14.7656 36 4
8.81464 -671.453 7.88106 45 4
440.068 375.478 -4.21428 49 4
-551.183 577.096 -23.4662 36 4
511.301 -466.602 3.21495 42 4
290.131 -664.303 10.9749 38 4
143.863 336.078 -0.722538 38 4
488.496 563.023 6.62117 47 4
499.357 -294.856 0.212761 35 4
-36.7871 348.9 2.88315 47 4
-35.3133 146.13 -11.4081 40 4
49.3965 216.393 14.3367 42 4
-144.784 21.3427 -11.7414 42 4
603.212 -218.546 14.8849 39 4
47.429 381.531 12.9461 31 4
22.4423 -172.809 -14.0496 33 4
72.7108 -481.537 -4.20739 48 4
-141.462 195.217 6.45205 41 4
224.81 5.80981 6.45476 33 4
113.286 -17.1334 -91.5263 108.865 0
-577.454 15.6689 -17.0015 47 4
-509.057 -512.307 1.77464 46 4
777.472 -138.161 9.60167 41 4
-236.518 74.6934 -15.3182 34 4
73.2411 466.612 -13.9912 39 4
-37.7787 239.538 -4.84627 42 4
24.5813 72.4399 4.73739 40 4
70.2924 -775.095 3.22343 41 4
378.868 -482.396 -3.73173 38 4
261.236 51.7332 11.7244 36 4
210.301 104.418 181.489 69.4632 0
-417.304 307.065 -9.88474 33 4
322.404 -157.08 -18.5749 34 4
327.104 -202.875 -374.033 57.3958 0
217.989 82.7631 -7.97262 42 4
193.416 227.155 -14.5356 40 4
293.226 240.328 434.95 32.2352 0
178.159 191.214 14.7288 45 4
279.728 -117.371 -4.53841 49 4
266.056 -98.0621 127.168 38.4026 0
24.6932 611.17 18.4216 44 4
-39.5841 -229.155 -9.81934 34 4
370.103 761.064 12.1387 49 4
338.146 343.353 9.56569 41 4
-65.8822 763.022 -3.47199 39 4
364.716 -202.918 16.194 39 4
-540.992 -62.2411 4.96253 43 4
462.033 -689.039 2.25484 44 4
23.047 77.8282 -7.85929 31 4
719.632 109.251 4.63892 32 4
-80.1031 -709.771 0.0115079 45 4
-22.7615 -82.6342 3.08367 47 4
369.769 416.003 -9.31564 42 4
-154.298 -750.038 -1.88082 36 4
-400.296 247.155 12.2306 30 4
457.424 187.571 12.9961 31 4
-150.268 -525.236 -8.83526 44 4
-86.0993 -887.19 5.98646 41 4
-582.202 -415.494 9.35527 35 4
-389.503 54.9795 2.93458 33 4
347.67 292.995 -3.06341 45 4
311.311 -207.425 9.52954 37 4
231.213 -253.769 243.774 36.7732 0
654.134 -82.5955 -5.43265 37 4
-40.8433 433.223 17.2382 33 4
-457.515 777.871 -3.92565 43 4
-533.247 -453.077 -13.9571 32 4
224.741 334.239 -12.1462 30 4
390.115 -177.266 -2.34789 47 4
278.934 -180.329 147.809 81.1933 0
424.09 -242.406 7.01926 34 4
487.51 -247.885 148.398 54.8475 0
303.589 115.54 -3.71261 37 4
240.906 -251.868 2.60956 46 4
126.127 -205.964 243.328 42.8127 0
253.228 -17.2749 14.5877 48 4
194.596 46.1245 -38.9055 79.854 0
205.886 -361.165 -10.478 41 4
202.592 -274.38 -103.653 74.5478 0
-154.862 -162.027 8.36379 38 4
444.199 13.1161 7.75797 39 4
-260.35 214.017 -5.33636 43 4
536.822 -285.848 -0.622783 47 4
345.331 269.858 -4.16895 32 4
166.596 -533.075 0.486379 37 4
508.183 142.744 14.0861 40 4
-409.247 -297.836 -9.60339 46 4
-220.637 131.369 -9.53001 44 4
-368.548 84.5758 -0.676847 37 4
568.064 298.258 -3.67843 30 4
-345.4 -391.473 12.3394 42 4
-175.533 -234.355 2.7851 49 4
469.227 674.144 -0.511202 31 4
352.176 -354.982 6.55977 36 4
201.313 -143.471 -7.41734 33 4
182.233 -115.84 -27.3999 33.1132 0
-175.683 -425.97 -2.21552 48 4
44.3911 -111.264 -22.5335 32 4
96.1812 -176.013 -170.959 89.3876 0
-148.259 -290.287 7.71735 48 4
-517.405 -285.186 4.62532 35 4
-204.865 310.628 3.92447 39 4
45.0023 -855.696 -4.95287 32 4
-325.764 280.701 -17.2939 40 4
319.665 -155.357 -1.62612 33 4
440.527 -69.8705 -138.96 79.6585 0
333.453 -566.616 13.0088 44 4
335.296 222.949 3.65539 37 4
-516.956 754.368 -12.0796 37 4
125.538 225.698 7.18448 31 4
149.128 217.233 -238.188 73.3178 0
-528.464 436.31 4.07602 46 4
329.681 -538.227 5.98338 35 4
199.025 748.183 1.64576 35 4
-186.49 147.432 1.85308 34 4
652.105 -58.3654 8.7485 36 4
-93.1863 48.2249 -3.94552 48 4
130.394 765.076 6.85729 31 4
494.756 498.781 -8.15989 30 4
-153.762 -484.632 0.141148 35 4
-49.4824 -314.599 -10.57 41 4
-98.9879 -389.46 6.54136 38 4
-647.27 -178.131 -1.31956 49 4
-464.358 344.579 0.316394 41 4
-371.061 105.112 -7.30139 38 4
776.947 -62.939 4.40292 41 4
86.9435 268.547 0.55064 40 4
155.235 147.102 157.542 46.8113 0
6.13263 743.956 11.5452 39 4
6.99457 332.112 11.537 47 4
-462.6 257.387 0.252144 43 4
194.246 515.075 -13.48 49 4
635.614 -230.722 -11.4403 41 4
-248.982 109.756 -17.5449 42 4
-747.898 324.65 1.93228 46 4
-216.922 -1091.52 5.49627 42 4
471.376 456.995 -9.14426 36 4
298.202 701.706 4.92845 36 4
399.585 -568.955 15.6467 45 4
120.742 580.644 -4.08961 30 4
586.917 436.417 2.11404 35 4
337.978 624.187 -4.48724 44 4
125.18 799.047 -6.6289 43 4
-491.213 -189.524 0.726635 31 4
-24.7667 369.496 3.63634 49 4
-9.7323 342.196 416.865 61.9083 0
-319.845 -309.277 -2.56727 48 4
565.503 -442.957 -9.92161 47 4
-148.899 319.795 -2.54442 47 4
514.945 619.217 8.57823 46 4
-230.548 -88.0115 11.7016 48 4
403.188 444.518 -2.9386 47 4
-114.215 704.054 5.78381 43 4
146.743 -191.97 12.7108 32 4
167.246 -242.762 -536.101 58.9503 0
-17.6419 -452.163 0.00700559 35 4
263.08 -392.61 -9.97595 34 4
343.806 -313.712 -105.606 37.2744 0
339.638 -266.755 25.0154 43 4
-160.132 -707.447 4.54033 35 4
-52.0847 57.96 12.9635 37 4
-218.776 704.083 1.1643 45 4
16.795 -415.932 3.89967 36 4
-217.001 -482.146 15.628 35 4
473.513 292.752 8.32103 39 4
341.77 531.337 -1.916 35 4
-169.724 -163.873 -0.958496 38 4
-343.396 -167.243 13.6826 43 4
358.394 -414.048 0.00773229 43 4
-5.84052 -409.882 -6.39101 31 4
-236.785 -118.713 14.7062 49 4
51.9131 -886.268 -1.97666 49 4
468.215 587.917 -2.88136 46 4
43.835 659.976 1.38186 41 4
409.832 -683.691 5.65257 47 4
-109.545 48.738 -13.9654 41 4
223.45 50.7467 6.05774 34 4
200.962 -639.736 -2.03514 40 4
158.528 446.522 -4.31138 32 4
570.468 428.688 4.49972 45 4
493.677 -33.5386 -3.38336 38 4
469.18 174.833 -21.2322 30 4
408.709 171.083 -292.352 61.0527 0
314.922 -510.626 -6.38855 41 4
454.76 -659.841 7.70297 36 4
-546.845 -70.7306 8.67992 39 4
-705.459 802.206 -1.442 47 4
-332.822 -217.868 -8.36048 30 4
786.036 -34.8101 6.25135 45 4
222.286 413.624 -7.79048 31 4
-335.143 -207.825 -6.23912 43 4
-21.6708 -334.593 -0.0282685 42 4
150.328 435.882 -5.94985 39 4
140.667 802.336 5.69627 39 4
-215.528 -449.156 -8.56886 49 4
-99.5151 -426.01 -4.82698 36 4
-35.7505 -42.9402 -1.06145 40 4
621.9 46.6218 6.58697 46 4
-188.454 -48.6782 12.3761 44 4
-490.19 851.896 18.4342 33 4
604.825 157.895 4.91016 40 4
-404.334 -183.74 1.98243 45 4
482.161 717.833 8.29491 44 4
-243.304 -322.94 -10.6623 31 4
-318.525 113.21 -6.48724 34 4
-343.594 843.535 -11.028 35 4
281.216 555.01 -0.71607 48 4
9.2514 -586.045 27.0015 45 4
548.899 -389.12 2.11791 31 4
628.801 453.627 -11.4644 39 4
140.026 985.689 -4.00008 39 4
-746.578 758.254 -6.89746 46 4
-411.91 -153.593 -17.2775 47 4
-568.041 -306.95 -3.91877 39 4
474.378 -279.269 -3.25113 30 4
597.436 -50.7526 -9.94745 45 4
414.21 564.341 4.86443 49 4
-140.698 308.52 -11.0862 47 4
-260.688 -20.0348 -5.55695 46 4
-279.071 -105.489 -136.634 75.0165 0
209.839 -299.585 1.80177 36 4
279.965 -300.342 178.557 67.075 0
36.804 -756.067 -2.02019 48 4
7.67743 276.619 -2.58085 31 4
19.4379 406.431 1.16698 48 4
243.812 -629.318 15.0337 49 4
436.499 613.14 -2.92549 32 4
189.936 640.91 -5.92571 39 4
-290.808 16.4331 -9.39674 35 4
165.702 -559.258 0.703199 34 4
-681.213 476.866 1.37052 36 4
344.474 450.501 -0.828784 42 4
80.9591 -694.486 13.8016 37 4
138.422 315.919 8.24343 46 4
126.867 289.85 -2.16007 37 4
-108.757 -43.8591 2.53513 31 4
-147.236 526.848 0.16125 47 4
172.844 -661.836 -10.5994 41 4
83.4001 65.6088 -4.7705 48 4
349.304 126.469 -17.6702 46 4
284.943 198.975 656.723 46.8015 0
196.552 -920.479 -5.26672 48 4
14.079 -921.829 -11.2856 30 4
-268.382 884.857 16.0794 47 4
-390.46 -276.041 1.50841 38 4
-179.361 644.949 2.7997 46 4
672.547 -358.127 9.64046 36 4
-26.5413 -626.852 -1.35633 39 4
354.271 232.876 -11.9372 46 4
-448.25 697.91 12.7658 31 4
-559.215 -199.272 8.9273 38 4
-431.006 -111.593 17.1329 35 4
393.325 214.061 13.5902 39 4
-476.415 971.688 10.433 36 4
90.4523 219.467 -3.99925 46 4
486.233 -83.2111 13.1349 41 4
442.266 -280.009 -5.68579 47 4
422.371 -236.349 499.424 84.6033 0
130.905 388.308 14.9266 45 4
-89.0925 414.414 -5.0867 35 4
-424.102 -38.3678 -6.82648 36 4
-110.31 -688.898 -13.354 43 4
473.646 255.439 -4.24904 40 4
77.1814 -763.247 16.5235 42 4
31.0455 317.426 -0.49142 35 4
-92.5784 796.209 -7.96073 39 4
186.054 -593.192 -16.0117 38 4
133.621 236.076 8.93444 42 4
67.6062 259.182 -117.253 47.0303 0
-283.597 417.068 11.3203 33 4
35.4169 669.515 4.49217 48 4
-889.813 768.16 -4.48832 46 4
-423.116 -43.1322 -17.3902 31 4
114.538 580.579 15.4899 36 4
363.484 705.556 -3.66869 36 4
706.841 100.727 1.06472 31 4
136.383 339.753 -19.348 33 4
448.671 339.375 2.34033 44 4
-357.841 976.351 10.1474 40 4
64.6383 487.43 -2.15352 39 4
-317.603 845.539 14.2316 46 4
-264.472 442.426 -9.12136 48 4
-30.2156 547.721 10.8486 32 4
-94.9888 -413.403 -8.9706 46 4
869.417 24.3333 3.02101 34 4
635.519 -129.397 -7.61885 42 4
-109.535 -670.782 4.26203 33 4
-508.253 -437.882 -12.154 30 4
178.116 557.38 2.64263 45 4
305.899 -190.348 -6.11087 30 4
318.206 -300.973 138.337 54.7019 0
-234.287 369.442 0.53444 37 4
-215.261 1091.14 -5.8822 42 4
431.98 712.91 -8.51599 48 4
-473.635 -247.226 -8.63439 30 4
-227.518 166.047 -1.58297 32 4
-233.937 -306.117 -1.46495 33 4
-507.055 307.899 10.6866 35 4
60.6459 -912.153 -9.7099 34 4
-389.925 -208.885 -0.971848 33 4
-424.012 -258.364 46.8987 62.6033 0
129.745 244.638 5.04446 40 4
182.853 300.969 -81.7782 52.5487 0
342.127 768.055 2.174 37 4
397.926 -64.7697 9.9722 31 4
10.8367 218.74 4.57964 48 4
52.853 208.466 -26.5299 22.9627 0
356.88 160.258 9.36193 38 4
399.365 125.927 153.538 73.1741 0
-135.117 -150.13 -5.86615 37 4
444.881 -773.814 -0.544346 34 4
-186.788 299.708 -8.61638 32 4
-334.684 -590.784 6.72638 32 4
-492.647 -578.43 -24.2055 41 4
181.148 906.032 6.15677 42 4
215.899 -155.051 11.779 41 4
249.217 -150.826 -132.082 42.4032 0
39.5449 242.126 -11.2141 37 4
-76.8289 -561.549 -3.80588 32 4
230.582 -662.276 5.25037 36 4
260.362 35.605 5.43866 33 4
-145.508 1087.24 13.7188 36 4
130.766 -196.19 10.455 40 4
77.4568 -239.152 257.29 17.5777 0
-109.553 -492.805 7.24318 48 4
115.046 -178.754 3.14601 48 4
196.615 -229.09 124.435 76.6218 0
259.006 -100.892 -11.3911 47 4
244.882 -177.778 -33.1463 72.6968 0
151.187 656.254 -7.13076 40 4
-682.255 759.196 -0.553682 48 4
-168.032 -571.664 -5.60107 39 4
-2.08868 -392.912 7.57644 39 4
-371.263 -178.53 -19.8225 48 4
-395.01 -504.163 -19.9447 34 4
311.284 -279.438 18.7056 42 4
412.313 -260.245 -268.997 28.3533 0
-25.4725 705.121 -8.72786 46 4
9.55225 293.782 9.62527 38 4
-576.949 878.867 -0.676681 37 4
-439.298 -27.2151 -14.1071 48 4
-564.938 235.808 -10.3622 45 4
-90.0349 455.315 10.1022 39 4
-646.816 315.888 17.0329 38 4
586.554 238.945 4.85141 33 4
-338.942 416.437 -5.87729 46 4
-140.028 558.281 -19.5916 34 4
37.2021 -53.3228 4.13065 47 4
-166.648 -360.662 1.91462 41 4
-61.2063 506.382 -12.0277 45 4
-101.859 321.692 -1.26213 39 4
123.142 -671.581 -10.229 44 4
486.053 265.789 -7.16716 44 4
-159.408 378.32 5.761 42 4
365.964 -167.488 0.117233 30 4
78.8801 -470.856 -4.93836 40 4
165.481 -186.336 1.23682 40 4
219.664 -190.506 -322.468 72.873 0
-58.9595 -112.228 -2.2946 40 4
-559.836 142.215 -2.60868 38 4
483.724 31.6537 -3.44921 31 4
473.998 -222.057 -6.41757 37 4
335.544 315.81 -2.02141 41 4
286.829 -115.353 12.9512 49 4
208.719 -87.0444 -311.235 17.6359 0
474.842 -104.604 4.50188 39 4
369 384.498 -1.13908 30 4
188.449 -428.02 2.37471 39 4
-398.328 -157.01 -5.60672 43 4
-0.0343018 -300.605 -0.332326 34 4
-319.713 -356.281 0.930974 47 4
-453.14 -121.625 0.492321 43 4
308.467 556.658 13.871 41 4
-24.5651 749.837 9.76837 37 4
-612.29 691.116 -5.60934 38 4
-196.837 377.13 -7.66208 42 4
-99.3804 -1021.98 6.05356 45 4
-293.478 -541.374 -2.68027 33 4
-545.922 566.738 2.56602 31 4
-581.957 719.321 7.30895 42 4
447.835 -483.145 -4.27623 31 4
26.0917 -154.623 -3.96954 42 4
63.2893 -175.637 -63.8543 89.2384 0
301.447 -410.512 -8.63988 49 4
162.183 403.576 -5.88531 32 4
-134.613 236.412 -0.0948214 36 4
-547.708 -361.592 -19.2578 44 4
-151.01 -690.702 -4.86123 36 4
658.995 -269.649 2.60693 49 4
-265.551 371.787 -7.54494 46 4
479.753 462.393 11.5615 39 4
-112.454 622.03 -4.89346 39 4
234.329 -580.823 -12.897 34 4
59.8851 84.5486 -21.9996 40 4
-49.5786 -336.494 -11.613 39 4
289.437 70.8025 10.8893 45 4
274.473 16.2939 307.737 43.4373 0
-157.381 305.394 -1.3471 31 4
-760.608 540.128 -4.50286 40 4
496.29 -730.164 15.2979 37 4
560.477 -296.106 11.5314 32 4
45.7301 -263.108 14.3735 33 4
369.475 -258.813 -3.922 33 4
-30.0569 -779.872 -13.6115 42 4
-370.601 -456.314 10.3503 38 4
325.145 672.554 -6.38127 37 4
-203.303 26.1069 -10.4495 41 4
161.376 507.308 23.1436 46 4
-671.721 824.039 -27.3931 41 4
90.8025 -160.096 3.43589 49 4
183.871 -116.199 48.7555 60.9826 0
-448.16 -305.137 -5.74564 41 4
-476.37 234.219 -10.5394 42 4
-159.698 -79.5862 -5.78768 41 4
36.8342 398.88 -3.95617 34 4
-427.101 627.856 3.24343 46 4
-181.567 -371.326 -12.0655 40 4
205.441 -179.592 -20.2863 37 4
182.961 -136.74 482.315 38.1061 0
222.408 -664.912 -1.14885 33 4
213.681 89.2439 -3.83156 46 4
-153.103 -488.17 3.18994 35 4
27.5648 208.478 -16.5383 32 4
691.598 358.876 -4.36559 42 4
-538.02 -496.756 18.7324 44 4
786.214 171.572 -11.9539 33 4
-97.6753 -667.685 -10.414 39 4
266.088 636.911 14.4931 46 4
284.535 316.164 -8.5747 34 4
190.389 186.363 -266.537 73.457 0
-554.7 -12.9514 3.99524 46 4
79.3774 44.6403 20.4313 47 4
821.503 144.545 -3.29719 44 4
36.3466 -79.0604 25.2924 46 4
-15.9972 -98.6655 492.337 71.66 0
-403.175 -504.125 7.7749 42 4
89.8394 -231.191 8.30334 39 4
63.8201 -158.753 95.3167 53.3328 0
319.855 504.568 -0.037045 49 4
-241.629 307.556 -9.90635 46 4
-101.688 -342.18 18.2673 47 4
-584.591 -101.244 6.02514 48 4
219.258 482.235 -17.8438 37 4
-298.803 293.383 15.1223 35 4
-385.827 -920.459 -2.63638 32 4
-398.062 -424.768 -1.34403 36 4
-622.142 296.586 28.9794 47 4
-435.841 311.12 -1.3948 44 4
44.4833 836.32 5.56972 47 4
376.463 -519.278 17.4883 31 4
-181.281 -252.662 -3.20344 41 4
-218.176 499.928 17.7356 38 4
-129.202 -559.885 0.101254 30 4
-386.848 691.561 4.91706 36 4
98.8342 -133.135 19.6758 46 4
97.5477 -86.3187 -301.863 73.2723 0
-156.725 -180.469 15.7187 36 4
608.968 150.07 -7.60867 30 4
569.919 81.6694 8.1778 39 4
-263.375 602.226 4.56618 30 4
324.341 311.613 -5.54378 45 4
-263.393 -650.605 11.5748 48 4
-142.971 -352.211 0.642488 47 4
67.2305 215.37 6.25125 30 4
13.9603 253.29 -62.3825 69.2458 0
-487.995 652.595 -5.26266 44 4
392.845 313.937 -19.1403 36 4
18.5742 1.42847 1.41372 36 4
-528.094 27.1597 -2.37799 40 4
311.934 734.902 7.06356 40 4
132.377 369.721 -6.27995 46 4
-517.709 -271.009 -9.59237 32 4
156.839 142.562 -2.5209 36 4
-66.9375 715.276 -18.3594 35 4
390.757 281.332 13.7895 42 4
-252.625 235.624 7.65863 44 4
-68.8176 -100.345 -12.7757 41 4
588.703 213.268 5.17353 44 4
78.6931 34.3043 -9.9461 42 4
114.609 21.8615 55.2746 41.725 0
292.167 576.628 11.4289 30 4
-312.144 -132.896 -2.77984 31 4
216.546 -698.976 3.12334 40 4
-251.66 405.88 -2.0051 43 4
252.022 163.786 7.59275 34 4
182.483 100.408 -353.392 65.065 0
-73.2963 909.586 -8.82022 40 4
501.53 -562.667 13.8615 44 4
688.421 339.484 7.20871 40 4
-99.4061 18.4563 5.31856 36 4
60.2168 -416.889 2.83237 42 4
481.619 -475.528 10.169 32 4
-86.0872 904.722 11.2867 37 4
-178.137 -76.5072 -5.09873 42 4
-460.449 43.0426 1.45602 47 4
81.9584 40.9391 2.74552 35 4
92.0813 36.5569 -51.3576 101.024 0
-347.297 -760.805 -0.380542 31 4
-116.2 13.6459 -13.9361 39 4
64.4039 -695.146 -0.82509 30 4
591.949 227.649 -7.0969 30 4
-56.3558 -78.2302 1.03839 46 4
29.2629 100.75 13.6854 32 4
215.962 -105.009 -2.63466 40 4
133.342 -147.006 -671.588 37.846 0
-48.9997 -123.918 15.2477 42 4
-196.164 298.73 10.4511 34 4
656.792 167.962 6.99331 39 4
534.909 -7.84497 0.785582 39 4
-488.72 -28.7924 13.4846 39 4
-148.983 -741.595 -3.21363 45 4
152.919 -13.4719 -1.94657 30 4
-209.576 923.403 -1.51858 33 4
-7.15198 -341.859 -9.40861 37 4
260.547 -133.817 5.5831 30 4
301.141 -205.809 -393.147 66.1235 0
126.079 -614.337 0.899374 34 4
-193.494 834.515 -5.46684 39 4
305.298 458.487 4.12375 44 4
285.124 635.412 0.992961 38 4
442.954 134.836 -8.58539 49 4
419.032 135.434 72.4363 60.85 0
735.684 -7.36279 -2.15179 30 4
696.758 74.1008 2.12461 40 4
575.894 470.458 -11.668 48 4
355.654 255.512 -17.0878 42 4
356.229 244.326 385.325 67.1915 0
382.485 -234.211 -6.69909 42 4
380.482 -188.16 214.356 76.4936 0
-391.916 453.809 3.79167 35 4
-303.494 -192.746 -1.45305 46 4
122.821 -8.08252 -12.3339 32 4
-609.335 582.068 9.59612 41 4
52.0033 -72.6161 23.7167 48 4
50.6348 -42.0363 -52.3167 94.6332 0
-159.683 -183.458 2.67366 41 4
173.567 676.126 6.49713 33 4
-139.894 -1088.91 -11.5399 40 4
97.2609 -47.1814 -12.8198 37 4
72.3318 1.9646 -43.5118 50.1935 0
-138.68 82.1619 9.09464 47 4
-92.5313 -311.487 -6.10386 42 4
250.192 711.677 -0.950007 41 4
-226.462 213.357 9.90652 44 4
-47.2554 -408.865 -18.5782 31 4
-351.296 986.649 -6.3736 31 4
279.181 71.1669 -0.0325299 33 4
259.338 -13.1874 -140.475 49.0817 0
562.774 -279.778 -3.28415 46 4
-65.2448 181.84 11.4721 43 4
94.4468 -402.77 3.48915 48 4
-355.347 -683.889 -6.01211 46 4
185.037 -765.339 9.59144 36 4
182.764 342.616 10.11 33 4
308.461 312.276 -1.00689 35 4
-47.609 621.481 12.4491 42 4
-446.979 -16.9076 5.40764 33 4
-619.799 405.854 5.42089 47 4
-197.01 126.425 -11.8061 42 4
576.72 -475.157 24.5786 36 4
117.335 24.3274 15.7067 45 4
354.758 -586.448 12.0871 46 4
-14.7179 -728.76 -20.263 48 4
307.916 689.961 -1.53098 30 4
688.812 -152.746 -8.70084 42 4
-208.739 -710.986 4.76989 42 4
-228.476 489.34 2.63923 33 4
560.099 -27.3087 -6.02569 32 4
462.188 -863.767 7.44116 34 4
209.611 293.629 -10.7427 48 4
11.9874 640.009 -2.10238 42 4
-614.874 566.511 -1.42384 33 4
-305.066 471 -0.607041 38 4
-575.247 183.936 -1.06987 35 4
-353.829 -954.938 4.71506 37 4
159.849 465.74 2.55944 32 4
774.477 -60.3383 -6.79006 48 4
533.833 -124.051 2.65795 38 4
482.737 448.121 -12.7882 47 4
-181.645 205.261 8.17703 37 4
-185.064 -279.04 -13.5453 43 4
-397.152 362.74 -8.87695 45 4
-276.678 1072.99 2.18821 33 4
-210.999 761.396 -2.67022 49 4
-394.161 -295.556 -6.06253 40 4
-570.839 646.618 10.0759 38 4
205.051 -474.477 27.5191 41 4
234.927 493.673 -3.40236 36 4
100.244 -711.433 2.94617 35 4
84.2667 487.314 -11.2228 45 4
89.6044 -841.587 -5.68624 42 4
-440.76 497.856 7.57029 42 4
62.4263 -30.672 0.652072 41 4
108.7 712.322 -0.362378 32 4
-288.811 484.219 -4.53307 35 4
-653.024 330.693 -12.6896 46 4
72.208 -784.716 15.591 45 4
-111.217 342.4 -5.32637 38 4
43.8936 -342.305 -2.72534 48 4
-499.686 -952.633 -16.5203 49 4
-280.353 -956.452 -4.75778 49 4
534.232 194.03 -11.227 33 4
281.924 883.987 3.1552 44 4
346.516 483.585 4.11078 37 4
387.88 -252.549 3.41217 30 4
109.809 -185.511 6.80909 31 4
81.8956 -116.953 252.719 38.056 0
24.4545 -224.383 20.6892 31 4
-212.631 125.771 -2.23068 40 4
-343.389 399.522 11.0944 31 4
-473.816 -420.418 -1.06043 48 4
-315.036 458.604 10.0223 47 4
-81.0345 518.638 14.3642 45 4
194.627 82.8511 8.81367 43 4
-475.661 -422.296 -7.93243 30 4
453.989 -883.903 12.4682 36 4
53.8997 16.0281 -9.44055 46 4
-59.913 632.756 9.16015 31 4
-621.954 -57.0659 4.70694 48 4
-634.493 442.083 1.44216 32 4
-583.394 169.87 7.31504 48 4
294.519 -631.901 -10.5384 35 4
390.299 -883.927 -1.60583 44 4
