-1290.05 -234.055 -19.4299 47 4
-190.913 799.158 11.128 37 4
461.095 -903.246 -0.412535 42 4
-1850.1 -422.96 0.359052 31 4
-35.5426 -1050.82 2.70165 36 4
461.001 311.746 9.65709 40 4
-438.493 -987.616 19.4554 44 4
405.144 -1082.87 -3.2529 31 4
-976.2 -463.935 3.29952 30 4
-893.132 48.7017 7.57907 47 4
-826.004 -25.9795 34.3386 54.0621 0
-604.293 -37.2769 7.50226 31 4
-492.265 136.489 -26.3385 78.8561 0
67.7694 -228.408 -2.98361 35 4
-474.29 -229.723 -10.8866 38 4
-481.139 -283.219 628.423 76.3771 0
179.66 -877.467 -4.1147 35 4
-435.772 -791.51 -24.4633 44 4
-567.304 841.869 5.49268 41 4
-550.674 586.009 7.6956 42 4
-1108.96 -472.913 12.6658 31 4
875.512 203.648 21.8949 45 4
-938.5 351.047 -1.30288 41 4
-936.805 344.581 -18.5353 77.9759 0
-602.024 10.7725 -11.348 43 4
-583.755 -16.6218 307.989 59.1925 0
75.2858 1012.37 -17.7973 46 4
813.047 280.703 -8.68376 40 4
-376.684 784.67 13.8719 49 4
-86.0592 877.481 2.87192 32 4
-450.553 -1613.2 18.8172 32 4
1418.23 2026.14 1.96873 35 4
1447.99 2040.74 -213.031 50.3564 0
-456.619 653.338 2.75222 36 4
1576.92 1677.46 2.01245 38 4
1418.52 -391.385 -5.05827 34 4
-1177.48 -898.501 -1.59392 42 4
-1043.75 111.383 5.26941 40 4
-326.271 211.785 -9.50308 49 4
360.77 532.121 12.9786 46 4
-334.881 -632.009 1.9431 40 4
-355.852 -657.821 -180.079 76.9034 0
411.585 869.019 1.42047 37 4
-1002.41 -838.22 1.36322 49 4
1044.83 771.122 -0.80315 31 4
-1103.51 127.032 12.3261 31 4
-266.785 -973.188 20.8651 34 4
-440.307 -611.898 7.15669 46 4
-749.374 -822.434 6.77979 40 4
888.07 229.671 -12.2523 42 4
716.15 931.718 2.20529 39 4
72.5306 1032.51 3.19495 38 4
-990.423 -674.814 -14.0135 48 4
-269.554 -578.821 2.44603 33 4
-979.88 205.974 -19.9143 42 4
-524.002 -843.548 14.7202 42 4
1002.14 1875.36 139.119 44.496 0
-1121.69 -430.914 -7.50823 47 4
588.53 -1000.43 21.6032 37 4
-326.844 -121.273 19.6266 37 4
-291.393 560.989 -11.6644 42 4
323.059 569.688 -10.7165 30 4
222.491 -705.707 -2.58705 36 4
109.071 -687.651 156.883 71.078 0
412.751 55.4448 -10.5919 32 4
-304.935 -1471.16 14.3064 40 4
1050.24 -735.59 -5.42266 44 4
862.882 -434.136 -12.414 34 4
-199.662 1335.86 -2.02022 36 4
278.454 -1182.13 -6.06485 46 4
205.674 805.325 5.96754 40 4
91.6123 404.283 4.68613 41 4
97.0148 -618.153 0.539411 37 4
43.1387 -678.029 -6.54312 40 4
234.187 433.281 -20.6083 47 4
-299.534 -525.757 -7.74277 47 4
-268.255 -429.222 289.718 89.5041 0
-316.148 611.686 -1.92756 48 4
213.33 -223.092 4.38208 39 4
191.24 -73.2605 7.56151 49 4
-729.331 -214.365 -23.593 43 4
-737.757 -218.967 49.9636 64.0326 0
-862.929 -675.146 2.6461 37 4
-1172.13 -970.422 -12.2206 42 4
1.40405 -1460.77 6.06239 30 4
-661.961 -250.316 -6.34707 48 4
-612.35 -149.417 -109.223 93.5899 0
-435.276 -1086.95 14.6277 35 4
-89.4086 102.53 -15.6343 49 4
-216.516 -121.284 -14.8385 39 4
-74.8832 -576.586 -16.3445 35 4
-146.97 -501.649 -269.88 62.1111 0
119.421 -586.067 3.77605 44 4
-813.711 276.065 0.329721 36 4
91.6207 907.832 5.51308 41 4
-409.987 297.338 3.70331 40 4
-595.084 441.533 3.39044 46 4
523.822 -1082.42 8.57438 43 4
-1032.83 -381.39 -5.3332 33 4
-14.1373 527.482 -4.60087 33 4
-218.022 -221.317 9.55101 32 4
1113.77 -519.959 17.2389 44 4
328.988 -68.0793 -0.900609 42 4
295.229 -18.9971 -64.9997 52.1069 0
-1063.53 -576.601 13.1448 40 4
-344.139 -1350.12 8.67199 45 4
-1254.37 163.976 9.05109 32 4
-838.092 -630.429 4.318 38 4
496.235 -686.946 -3.55139 35 4
-172.926 -528.932 12.3106 49 4
-158.154 -456.254 242.039 37.4633 0
-1167.82 -753.777 -8.96277 48 4
-1665.21 -383.702 -9.64386 49 4
-249.105 895.397 -6.25743 37 4
1244.29 -681.96 10.1562 44 4
-405.268 -980.836 9.51035 32 4
-398.719 248.61 7.09205 31 4
-4.87683 98.6531 0.245485 47 4
-286.407 156.826 28.5298 49 4
-283.231 -533.455 6.52574 44 4
-283.894 -525.293 -69.0078 107.979 0
-182.401 169.958 6.40438 36 4
-527.548 625.378 -21.9251 35 4
442.055 -450.895 -11.7229 49 4
-620.704 790.088 -10.5713 46 4
-696.97 799.455 68.2159 64.088 0
-1555.83 91.5718 -1.79231 33 4
-986.907 -147.389 -10.8654 32 4
-621.79 -1349.83 4.4283 45 4
1045.08 1751.7 110.711 19.9633 0
-1008.71 -445.063 6.3504 40 4
-179.316 -844.815 2.8591 47 4
777.621 -567.508 -1.00643 47 4
-299.917 -1418.82 -1.90512 36 4
46.1622 674.589 -24.6497 31 4
-768.86 750.866 -12.2816 48 4
-720.299 719.272 -546.322 50.1988 0
-1253.99 853.693 4.97513 36 4
-1471.17 -77.3223 -0.215858 35 4
66.3976 -408.87 12.2633 42 4
-113.75 -1549.06 4.93934 31 4
-1367.75 273.559 11.3041 42 4
-698.064 707.38 12.5442 47 4
-787.431 634.217 -114.126 53.018 0
98.0138 83.292 -14.425 34 4
358.342 -196.353 -10.8658 31 4
-222.061 -1408.91 -3.63127 40 4
-379.13 -365.619 7.39254 30 4
-1314.35 -608.07 0.886406 43 4
-710.665 766.328 -15.8233 43 4
-745.061 705.06 -26.7433 42.6949 0
104.675 -1136.3 0.624255 41 4
-1039.6 -576.929 4.88673 34 4
-1.62988 -610.001 -8.5354 41 4
798.79 1767.03 11.5127 37 4
823.529 1740.05 244.438 53.5348 0
61.576 1217.04 11.7238 37 4
920.815 -74.5 5.3347 35 4
-457.314 -1579.35 4.80733 40 4
195.115 -1147.53 -0.428528 30 4
-555.409 6.19897 -10.9122 43 4
643.781 808.623 -3.03329 30 4
-489.566 -571.514 -1.83212 43 4
-496.673 -574.941 -16.6081 70.3609 0
472.046 358.633 8.81064 33 4
-637.086 275.62 5.75899 41 4
346.652 -152.272 -3.25491 37 4
-1144.21 498.478 1.91813 43 4
-1227.09 -556.278 6.24338 49 4
451.302 -830.789 5.0512 43 4
1109.28 -537.209 1.74353 49 4
-866.694 380.724 6.64304 35 4
-297.757 -213.471 5.7441 38 4
-1204.18 -1028.72 3.42581 30 4
370.481 -662.753 -15.9219 47 4
-706.779 88.8774 -7.93789 45 4
-589.977 53.2366 58.5297 36.4649 0
-825.484 572.175 8.58838 41 4
-821.445 606.881 76.7582 69.0291 0
-274.011 -137.629 8.13505 41 4
-448.247 -521.36 8.34448 42 4
-464.046 -527.171 441.185 34.5384 0
-889.049 446.945 2.87071 34 4
-899.198 452.246 78.4522 47.3503 0
-69.658 -935.244 4.8579 31 4
-1245.97 549.301 11.587 48 4
-912.032 216.685 -6.45688 33 4
602.189 354.427 4.98897 41 4
-1038.89 -243.608 -2.89898 32 4
-765.299 658.352 15.144 43 4
-785.466 723.072 -147.846 62.1611 0
-819.871 342.913 13.0821 30 4
-898.464 248.603 21.0034 41.837 0
-638.773 847.547 8.47353 49 4
580.456 -925.429 -1.39251 45 4
-747.586 -241.168 8.78815 46 4
-691.606 -349.448 -486.903 15.6073 0
-462.333 -6.76221 3.88878 33 4
-465.303 -145.423 -177.689 96.9655 0
1270.77 -400.857 -1.07721 35 4
858.396 1643.67 6.39086 41 4
853.108 1628.75 103.483 53.9631 0
1570.48 1940.78 -11.0612 38 4
-1339.28 469.777 -12.1851 31 4
-1287.11 -511.587 28.8848 37 4
-308.698 -1249.42 -8.96202 30 4
-736.195 -720.139 -1.9684 45 4
-319.306 -717.907 -6.80674 36 4
-305.879 -805.525 349.016 66.1082 0
-998.909 -999.277 -14.2734 46 4
-666.986 -404.168 -14.6416 41 4
-662.433 -401.23 136.849 40.0139 0
-146.762 -1568.62 17.5059 39 4
-1349.7 430.187 -14.3605 45 4
370.876 766.065 -8.36569 36 4
-1044.63 -52.2092 -1.71303 33 4
147.192 -466.638 -7.28627 34 4
175.436 1092.13 6.34965 35 4
1026.58 -801.699 6.60263 36 4
338.137 1888.52 -8.76737 44 4
243.773 61.4624 -4.12739 46 4
215.536 603.79 9.03966 31 4
-1687.9 909.105 0.248827 37 4
-1699.21 851.816 407.168 61.7832 0
581.253 110.851 18.0818 46 4
-821.692 315.366 -8.39965 40 4
-1317.92 106.368 1.52066 43 4
747.491 -930.834 -16.6196 32 4
713.455 144.604 4.02353 41 4
-436.967 -911.921 5.54978 38 4
794.36 -3.77441 5.18594 33 4
-1062.17 -851.234 1.11479 45 4
44.031 -1044.16 -2.38295 39 4
936.984 -770.265 -14.372 33 4
912.611 -1.93213 0.81282 48 4
802.073 1634.68 114.589 70.9466 0
601.422 266.234 7.39748 45 4
381.822 -935.839 3.40449 30 4
-1218.55 -612.225 -13.8133 37 4
-133.711 -1101.37 1.84515 38 4
-317.643 696.347 7.98187 31 4
341.296 894.995 -1.34668 33 4
917.969 1554.98 -392.038 57.206 0
-377.086 -1057.43 -0.61997 45 4
165.05 803.778 5.88348 41 4
-603.598 -395.822 12.7335 34 4
-715.364 -458.716 -207.632 48.244 0
-421.965 -859.812 4.4866 31 4
413.64 -948.6 -7.10481 34 4
402.972 -970.101 -110.782 24.5359 0
-1016.76 7.3811 16.168 36 4
-530.859 -56.425 -1.59842 42 4
828.05 -1121.36 -1.45666 35 4
-674.437 908.703 -6.81115 47 4
1428.96 -505.76 1.89757 47 4
-436.773 277.752 9.7843 35 4
-690.843 1052.86 2.45362 40 4
-281.423 763.55 15.6845 38 4
398.975 -301.644 -6.37299 37 4
357.806 -311.189 24.5196 41 4
-354.946 1425.13 15.4316 42 4
465.618 368.938 -7.76898 32 4
-128.378 -553.437 12.437 41 4
545 -1454.13 17.1029 38 4
135.523 928.243 -15.0786 32 4
419.289 -538.207 -6.73187 46 4
-562.622 -601.942 -8.72548 30 4
899.234 1652.57 6.43872 43 4
868.366 1659.7 -606.365 39.049 0
957.892 2668.61 -4.89759 42 4
-1748.21 -297.959 -11.2854 31 4
-676.475 325.878 -13.1389 47 4
-436.49 132.899 -3.14703 39 4
580.75 -470.812 -7.53833 37 4
-1079.83 589.836 -5.93868 30 4
-403.799 769.76 14.0467 37 4
-418.617 752.771 292.604 30.274 0
389.597 -983.735 -4.28788 47 4
-120.943 -1091.98 -9.55379 42 4
-1287.29 -372.56 12.0144 31 4
-1340.35 -489.17 -216.266 61.8607 0
-908.398 512.072 4.23633 33 4
87.7965 50.5955 9.58679 30 4
-187.91 -785.263 19.0443 46 4
-675.681 413.606 -15.2225 47 4
-390.137 163.83 -0.565642 45 4
-836.176 368.884 -11.1921 49 4
212.595 163.851 -0.932835 40 4
-583.436 329.073 -0.542984 34 4
-220.386 -40.4114 -4.51036 45 4
828.512 -419.665 1.69072 39 4
-1131.89 -576.135 1.07206 44 4
-1394.03 -755.926 2.35586 44 4
412.109 -1073.81 -4.59346 37 4
393.807 192.419 8.44775 45 4
242.401 -928.976 -6.13374 42 4
315.865 -344.182 -6.83116 43 4
-1023.54 401.633 -3.16018 31 4
188.603 -253.434 0.909707 39 4
390.212 -36.3181 -2.96771 43 4
980.763 20.2991 9.7525 34 4
-1417.7 -573.397 -10.0999 34 4
59.7064 605.573 18.2672 43 4
186.744 -148.188 -6.29946 35 4
767.61 -904.58 5.3504 45 4
-259.832 -878.552 8.04855 40 4
-1363.27 370.28 13.4207 34 4
-1388.14 -838.994 1.8914 41 4
-355.962 506.571 -1.02266 37 4
-618.855 -652.855 5.65844 31 4
-585.112 -484.44 319.914 37.0072 0
-130.125 -1373.16 7.011 39 4
340.32 -940.379 -11.513 34 4
1474.21 -406.4 -6.08488 38 4
-838.704 -118.126 -3.88235 45 4
461.312 -922.408 2.20298 46 4
-472.798 -831.15 19.0259 45 4
-1532.74 -529.555 -2.10988 39 4
-122.81 68.9868 2.19149 42 4
-1506.14 -422.638 -12.769 48 4
-510.167 231.524 -8.86677 30 4
325.487 -419.89 9.98504 43 4
-456.493 -377.753 -5.29182 30 4
662.616 -677.422 3.14667 33 4
398.639 -1485.74 7.03484 47 4
884.938 1364.87 7.63423 42 4
839.976 1389.74 348.078 68.8881 0
-614.148 -1038.26 -6.80163 48 4
-283.468 -1645.12 5.21447 31 4
-303.63 303.645 -13.7371 35 4
571.826 -379.161 5.24495 47 4
-147.535 -814.521 10.2699 43 4
584.522 -683.78 5.55965 41 4
-119.658 -1213.9 5.61991 32 4
809.35 -357.144 2.03679 36 4
-5.96057 -531.564 1.96841 33 4
-468.623 -1553.14 -5.84594 47 4
-315.184 -228.101 4.07594 34 4
-1203.42 -621.383 9.98164 30 4
771.246 78.7825 -7.08539 46 4
-609.787 221.567 0.450899 40 4
-606.606 169.687 53.8872 61.2589 0
-1290.76 1006.35 4.1751 32 4
91.5814 31.7717 0.753997 48 4
-931.747 -1020.28 -3.78357 46 4
-460.809 -910.998 3.4243 36 4
-615.997 -112.416 -12.3217 34 4
-676.881 -67.3281 318.023 68.8973 0
-1314.59 512.921 -1.45376 33 4
812.084 1678.26 3.21161 35 4
938.366 1650.35 -24.9922 42.3538 0
34.3201 961.622 -11.8165 40 4
-1094.64 -283.657 18.275 39 4
-76.21 -817.53 -13.1601 40 4
-1360.09 426.314 5.82502 38 4
-377.35 -353.026 3.81784 33 4
-325.628 -378.521 256.583 34.6897 0
-771.104 879.27 15.4452 37 4
123.204 65.0352 4.03783 46 4
-1081.78 -803.111 -6.71173 32 4
205.961 53.2822 2.12032 35 4
236.622 -1.91772 75.1882 81.1618 0
-286.937 -982.315 4.87671 48 4
-490.745 88.4053 3.10576 44 4
-493.171 101.768 26.0677 71.1341 0
-262.137 -726.585 1.16751 32 4
565.632 -535.976 24.9203 36 4
-881.911 -466.315 -10.4143 46 4
-860.723 -395.43 250.111 71.1987 0
-1129.19 -734.775 -0.46361 45 4
298.523 714.289 -1.13511 47 4
-124.216 -882.753 2.60015 39 4
235.094 -327.652 -14.7462 37 4
-784.028 -867.01 -12.3868 32 4
691.348 141.843 15.0643 47 4
890.191 -1151.46 6.49548 31 4
-638.025 1047.63 -1.00677 47 4
378.483 -400.047 -3.89429 47 4
-800.192 -998.723 5.76354 47 4
13.7509 -924.599 6.37516 44 4
261.424 695.589 -0.301862 41 4
-758.657 -589.845 8.29209 43 4
19.3411 186.063 -11.8937 38 4
540.362 721.959 2.26832 43 4
-351.944 -1073.24 -5.91365 30 4
-1299.18 -550.782 21.4457 49 4
-573.329 396.562 15.0651 36 4
-846.036 -625.152 2.88143 35 4
-682.031 -551.868 18.8582 42 4
251.891 404.845 -12.4928 30 4
-501.639 -493.295 -3.37419 30 4
-450.329 -418.888 -188.149 51.6734 0
806.548 1613.05 26.1827 49 4
866.77 1668.98 134.027 68.6089 0
396.882 846.416 10.414 44 4
-1095.65 19.9917 -2.60064 48 4
-1306.15 -656.409 7.92889 34 4
-170.419 756.356 12.5214 39 4
71.8822 1344.09 6.25438 31 4
-987.065 -173.778 -10.5839 41 4
66.4187 -1599.79 13.3316 30 4
573.572 -1020.99 22.6766 40 4
-909.73 -672.001 1.20588 45 4
61.532 155.432 8.91772 33 4
-1028.75 510.526 5.40992 33 4
-768.651 -725.021 24.1735 45 4
1285.72 -592.75 -16.9182 41 4
-1215.3 569.546 4.6506 38 4
-800.543 -610.664 -10.869 47 4
-355.851 -361.106 4.62967 32 4
-536.226 -1426.57 -21.6001 40 4
878.149 -356.231 31.9322 31 4
-621.468 112.566 -9.84349 43 4
-614.362 82.0061 58.2496 72.9798 0
-1173.47 -480.21 8.80836 37 4
501.838 -1228.14 1.85513 30 4
-205.244 -1074.3 9.14569 41 4
-206.142 -518.86 8.76952 49 4
-311.199 -589.771 380.941 69.18 0
1110.84 1753.2 -7.08023 36 4
1162.17 1813.55 -62.1631 21.4546 0
1403.46 -530.103 -13.9438 30 4
-1243.61 -210.57 15.4777 35 4
-81.5432 682.464 11.6238 49 4
-616.382 -800.784 -1.86774 34 4
-1284 598.353 3.78637 38 4
-312.698 646.468 -2.87035 42 4
196.173 -335.91 7.41589 42 4
-531.915 -309.431 -4.08255 45 4
-1210.79 -850.533 9.93968 34 4
43.4656 1184.08 6.76521 31 4
511.233 541.12 0.313656 33 4
-766.866 324.58 -0.0596451 34 4
-347.35 -1333.8 15.0005 36 4
-92.2755 -49.6245 13.4 31 4
-392.697 -31.8176 3.03647 35 4
-148.572 -245.819 -19.4654 48 4
662.779 -630.895 -4.21139 41 4
-482.215 -1178.42 -18.7544 47 4
426.124 -258.206 25.9943 35 4
-1058.16 -232.065 5.65858 48 4
1100.41 -844.258 -5.85756 32 4
1087.55 -717.488 -4.85164 37 4
-1754.27 -590.243 -14.7963 35 4
364.184 -492.982 -0.167756 49 4
397.723 -341.23 -2.60297 41 4
615.752 -900.944 -8.06924 32 4
-533.765 865.318 9.01119 43 4
-1054.83 -564.966 5.41203 36 4
-559.275 -1820.98 4.65559 44 4
-438.156 -142.449 -13.6544 35 4
-492.134 -165.368 -109.313 64.5765 0
-343.1 -1179.24 8.61585 47 4
-1219.84 -359.89 -9.80389 45 4
262.867 -558.279 8.63746 37 4
-226.343 -1629.55 -3.46852 46 4
-733.623 735.015 -13.5984 46 4
-783.926 665.785 438.732 41.7724 0
76.5127 -554.656 0.484112 46 4
-1313.38 285.391 -6.17942 30 4
291.135 -291.285 -3.3969 48 4
614.481 -645.258 10.2347 32 4
61.9441 470.492 -2.19847 32 4
186.613 -57.3452 -5.72149 36 4
-489.329 -244.641 1.0337 48 4
-484.985 -214.805 1.51586 56.9762 0
-65.9041 481.237 -19.8867 47 4
49.7837 -1111.37 3.15714 30 4
-681.529 860.94 -5.73141 41 4
-597.355 859.993 -493.313 73.052 0
569.998 1415.11 -10.6387 38 4
590.331 1410.75 -171.617 69.1192 0
-53.5708 1105.57 2.42932 42 4
326.443 336.281 7.25584 45 4
-908.497 -810.043 -3.29732 37 4
348.546 -1089.35 3.65295 46 4
-75.8463 -1613.04 -4.06268 33 4
-930.454 -956.292 10.5434 32 4
803.205 1620.14 -331.482 63.7836 0
1483.2 493.639 1.06279 32 4
851.035 98.8013 3.0736 45 4
673.253 -835.552 -13.0312 40 4
559.094 -909.332 9.76411 32 4
44.1107 -754.401 5.34405 40 4
926.896 -1001.58 1.49118 37 4
-1039.43 395.632 -6.67358 48 4
-726.879 -1307.75 6.04405 33 4
-437.399 -1366.95 -0.0365237 47 4
-297.093 1052.19 -16.7718 31 4
1310.39 -450.003 2.57562 30 4
-479.418 81.6216 -4.56522 33 4
-413.335 130.537 183.607 51.7239 0
174.569 211.477 -8.91478 38 4
-977.921 622.186 -13.1083 42 4
-71.4261 -1015.79 5.80188 38 4
-84.3639 -1554.48 2.3298 47 4
938.631 -991.514 -4.40284 48 4
257.077 -734.592 8.80158 38 4
1213.48 -415.807 -0.105369 43 4
378.423 -613.09 -8.9866 33 4
659.288 -407.206 -4.56573 39 4
-721.84 -422.669 -5.47851 45 4
-707.794 -595.947 -57.3871 47.8546 0
-143.906 -517.67 7.84513 39 4
-101.487 -524.158 -184.015 33.5783 0
-749.792 -494.992 6.30105 48 4
-729.346 -539.526 509.747 24.2509 0
-329.033 182.467 -5.52979 41 4
-725.335 817.157 -8.74981 47 4
-1427.32 -467.268 -4.18151 45 4
802.42 -731.418 -25.7641 33 4
-1.73047 873.13 -1.35292 48 4
-360.542 -139.075 -10.0509 40 4
-832.919 -636.777 -2.28742 47 4
-483.226 184.979 6.71968 47 4
-571.664 81.9216 -402.458 58.1057 0
-1062.84 21.7007 -20.0135 43 4
750.363 -258.449 3.3572 44 4
-319.092 -1044.38 -1.1132 46 4
78.53 -775.092 7.18686 45 4
288.211 485.973 6.84405 35 4
-253.758 -765.406 -0.915033 45 4
48.1284 659.761 -17.0719 38 4
-135.866 -585.941 6.38661 39 4
-374.93 123.44 -12.7519 43 4
-181.749 803.895 3.54292 49 4
309.378 -683.945 1.46391 46 4
-1076.93 -28.9355 13.963 46 4
-178.782 437.248 4.85596 44 4
-202.343 -979.9 0.657849 31 4
-342.93 432.176 1.6191 45 4
-820.656 -640.066 -5.30204 40 4
-880.71 -697.13 40.7233 47.4818 0
425.984 855.001 1.87805 47 4
-319.655 157.35 -22.5774 46 4
-1060.08 -321.494 12.8751 46 4
-1469.67 -825.521 -14.9401 48 4
-556.621 406.477 8.57117 41 4
192.124 -183.135 5.36013 36 4
-20.0138 -118.556 -9.22592 38 4
-284.062 175.364 20.0875 32 4
143.857 -381.806 11.883 45 4
-961.922 -92.1985 -12.238 33 4
208.05 -342.566 6.19667 47 4
151.141 479.225 -10.4287 43 4
-302.945 -346.947 -16.0651 35 4
-304.329 -350.307 -203.818 76.7428 0
-609.126 7.77759 -29.6948 45 4
418.998 417.51 -6.6904 41 4
-148.788 -181.841 9.16795 48 4
-1468.54 -227.195 -3.47146 31 4
-485.645 -749.721 -5.55505 37 4
831.905 -753.614 -3.41468 36 4
-183.571 -759.147 10.763 48 4
-156.281 -390.508 2.6856 32 4
-250.947 -522.819 -266.169 43.7241 0
-1011.68 271.675 5.31349 44 4
-597.033 294.571 6.86337 37 4
-255.357 -1532.69 14.104 37 4
-295.597 -617.367 9.55117 43 4
-361.066 -645.958 -301.335 50.2915 0
13.9979 -1106.44 7.19942 33 4
-73.5381 -964.456 -3.11856 33 4
-774.668 696.438 -1.91702 37 4
-770.323 758.58 -137.362 73.7458 0
671.961 76.0232 -0.346788 47 4
-1058.43 79.6301 2.97329 48 4
-181.149 384.85 0.698606 39 4
-538.254 -67.7437 -9.86236 36 4
374.951 138.845 -1.23625 44 4
306.857 -1570.4 -4.35829 36 4
-500.791 -1369.22 -4.15513 34 4
-548.581 -444.184 -4.88569 35 4
-165.356 -93.6553 4.37426 34 4
187.469 212.308 -7.32593 42 4
-859.303 154.948 -14.0148 30 4
-806.969 118.143 58.9003 55.0541 0
370.102 12.6802 4.05153 49 4
-256.584 -1061.31 7.24876 37 4
-787.581 145.613 9.65967 47 4
-736.557 232.388 -178.675 56.5548 0
-554.463 734.855 -2.98852 35 4
969.535 1440.08 3.48855 34 4
-452.575 -208.992 9.662 34 4
-441.218 -234.792 -26.6997 47.3684 0
-403.333 77.0867 3.00884 46 4
-340.191 -678.294 2.66169 45 4
-320.416 -736.941 94.3353 52.6015 0
350.237 1.15552 -10.9554 36 4
-717.541 -637.456 1.59338 45 4
8.52075 -1007.32 5.59873 31 4
-428.912 -1007.95 -1.34364 34 4
135.787 1245.87 3.64938 39 4
-233.274 -297.458 8.75579 45 4
1040.56 -856.342 10.5833 42 4
-675.361 886.705 16.9645 47 4
-732.082 -258.611 -1.92606 31 4
-684.062 -352.144 290.375 91.9729 0
-269.28 838.681 6.97442 37 4
-207.725 -5.04761 11.4834 30 4
-1180 -355.647 -13.0145 30 4
-965.191 -696.346 -9.52414 46 4
102.819 -538.6 2.51681 41 4
-174.849 -1032.67 -1.36626 40 4
-89.4789 -1212.46 -9.08755 32 4
-421.463 1351.13 -6.1108 35 4
-145.764 -32.0042 0.283344 38 4
-441.488 94.603 4.0651 36 4
-388.204 -26.2183 33.1999 44.6223 0
-472.519 -636.753 1.33634 33 4
-596.462 -1269.31 -13.5317 42 4
-280.734 -733.606 -5.37187 40 4
529.975 -539.933 -12.3178 33 4
-567.898 -1530.97 9.8377 41 4
-991.049 -826.006 8.63985 39 4
91.9535 1005.07 22.4571 42 4
229.412 -908.994 6.4963 46 4
-646.988 143.591 -4.06489 36 4
-601.757 139.226 -401.101 51.3577 0
219.307 208.48 -13.03 47 4
-28.5105 -55.8376 -10.8463 34 4
-1188.7 722.702 -17.0757 31 4
392.767 44.3381 4.12697 33 4
682.379 -910.452 6.24578 41 4
-1230.67 -505.09 10.5393 44 4
643.688 783.831 11.8125 49 4
-519.073 502.963 -1.28784 31 4
198.06 424.784 15.1443 31 4
-831.522 -788.132 4.12939 41 4
-902.975 -751.462 -132.837 77.0822 0
192.687 -1405.9 -20.5569 40 4
591.388 -936.39 3.62558 32 4
675.299 -337.34 -11.5593 41 4
-427.088 -868.471 7.06397 32 4
-331.322 -1058.27 -4.61044 45 4
1351.04 -395.512 -0.0382494 37 4
1194.97 -370.486 27.0899 43 4
-561.048 -1506.86 -9.84841 35 4
282.744 -511.459 10.1113 40 4
-139.108 -1246.52 -13.2049 41 4
59.1851 -1735.9 14.5996 35 4
-1410.56 -446.368 -8.69001 38 4
-128.158 597.418 8.32426 36 4
387.162 -652.082 6.92425 47 4
141.486 888.533 15.2338 41 4
-403.167 822.788 -1.99591 39 4
-418.985 744.182 -195.574 52.6511 0
-672.801 319.723 -31.5127 30 4
-781.33 -496.776 11.7693 42 4
315.12 -237.162 -12.7928 43 4
-45.9269 321.57 9.76082 39 4
472.039 -772.999 -7.20959 48 4
-774.957 309.119 -18.4352 40 4
-755.241 219.556 -192.159 68.581 0
-54.2764 -52.2959 13.6733 43 4
-556.774 -425.45 -8.83367 41 4
-564.398 -367.516 -76.2732 74.7901 0
702.1 -1013.2 9.49316 35 4
-382.842 -929.215 11.2422 47 4
-1020.55 -104.596 -6.59192 47 4
161.333 -517.51 2.12313 47 4
437.276 323.626 5.51313 40 4
375.557 440.086 -8.5217 49 4
0.254761 728.152 5.43203 38 4
-15.214 652.91 -5.1722 30 4
-138.28 -527.832 -4.11364 43 4
-148.273 -473.242 -106.624 72.7979 0
-481.258 -202.082 1.26727 41 4
-483.267 -196.321 521.503 52.3258 0
-656.221 923.575 16.5905 44 4
-63.8788 -974.852 -3.88426 38 4
1333.5 -367.851 -0.536531 49 4
441.385 104.237 -5.56737 30 4
-398.392 92.3083 -4.93757 35 4
-708.087 -433.325 6.22404 31 4
-460.408 731.306 -5.11333 33 4
828.278 293.805 2.38632 40 4
202.018 -555.716 5.89088 31 4
-191.937 -1657.19 -11.2353 39 4
-681.816 382.849 -11.8647 49 4
644.227 -1036.92 -1.4643 42 4
346.013 232.565 25.9254 40 4
-102.788 1168.82 5.22012 30 4
118.212 -162.015 -10.7394 47 4
-477.356 2184.67 19.6015 33 4
-444.069 2230.86 -230.926 52.8995 0
412.322 -1091.45 6.74493 39 4
509.552 -886.49 6.95496 37 4
-792.239 733.017 -11.4251 36 4
45.3525 1143.24 14.7496 44 4
717.669 99.6143 2.4964 49 4
703.971 336.97 -15.9469 33 4
-567.466 -347.928 -8.75473 33 4
-532.82 -304.774 -823.223 58.4502 0
-143.791 -1320.14 -2.24485 38 4
-1413.99 -370.175 -20.0544 30 4
-246.995 1301.96 -4.12745 43 4
33.6019 195.182 -3.36848 37 4
410.46 910.455 17.2927 31 4
-1022.78 80.0698 11.5568 35 4
-781.214 -860.592 12.0879 31 4
287.925 3.47729 13.4849 42 4
112.776 -525.557 0.843332 42 4
229.224 525.858 12.2826 31 4
-565.433 439.447 4.86886 33 4
-9.90894 553.338 -1.58302 42 4
-1002.41 -557.012 -0.595804 37 4
18.6525 -796.768 2.21961 34 4
72.3811 -81.1226 6.53012 45 4
-159.091 1300.48 -14.0548 39 4
1021.03 -568.619 9.86707 36 4
152.482 -1192.72 -2.94769 34 4
808.264 -967.145 -5.47773 39 4
88.2804 -1140.84 -6.73897 40 4
191.834 762.942 2.33555 44 4
-1303.51 -328.061 20.6088 31 4
-375.449 -434.786 3.71807 37 4
-130.832 -461.962 14.1637 39 4
-102.138 -478.124 -42.3204 82.3345 0
-1365.69 -754.518 7.01214 40 4
-283.677 -185.189 6.08805 45 4
292.899 -1123.02 19.277 45 4
995.754 -767.379 4.48029 46 4
587.687 -1289.76 3.06293 36 4
212.669 86.9016 27.0629 41 4
363.21 -552.614 5.25178 30 4
-1050.93 176.071 -5.14245 44 4
-281.207 -1012.99 24.457 41 4
-471.063 -827.476 2.57765 35 4
-83.8596 -755.507 -1.55216 32 4
-171.879 1238.68 -3.57411 34 4
-478.561 778.117 -4.54969 33 4
-476.123 822.375 -145.891 57.6142 0
-355.21 -400.798 22.027 45 4
-445.29 1108.94 1.98015 47 4
-459.452 1115.58 -125.76 93.1995 0
174.093 -569.457 -1.65608 45 4
1388.11 -316.266 -3.92571 46 4
-405.098 689.616 -1.36874 42 4
-415.935 762.932 -413.423 82.3478 0
-508.178 451.755 -8.90234 37 4
-1490.6 20.4375 -5.72318 45 4
690.384 -392.871 34.2752 47 4
602.403 -624.288 -0.701202 44 4
187.665 12.7839 14.4442 35 4
-1079.78 -371.007 21.4784 33 4
636.131 817.969 -3.33106 48 4
-622.273 1003.41 -6.6018 36 4
-471.7 114.021 -7.39116 43 4
-497.023 92.2053 582.22 74.0484 0
396.909 -749.997 1.79898 34 4
-405.38 680.433 0.173881 37 4
88.2219 -1067.88 -2.1667 31 4
413 -114.427 -11.0502 43 4
141.609 -636.218 1.79906 39 4
-161.633 -716.14 -5.62742 38 4
-227.856 -741.704 -55.4639 46.7103 0
-693.555 884.692 15.2111 31 4
-311.365 -1031.06 2.4181 47 4
717.395 969.446 -8.65941 44 4
664.719 954.7 -197.417 86.5704 0
-539.7 -1359.83 6.56941 42 4
-136.557 -1411.09 15.924 39 4
316.654 -734.684 13.5965 38 4
-583.055 571.526 -13.6143 45 4
118.398 -1187.76 27.3553 45 4
449.437 65.7173 -14.0779 32 4
-1010.23 865.198 11.0802 42 4
41.5387 1125.49 1.03997 40 4
-648.189 356.962 -5.61242 47 4
-376.942 -416.807 24.584 31 4
-326.875 -371.831 168.569 81.4855 0
-331.166 918.462 5.29365 35 4
-718.859 808.352 -23.4321 36 4
-755.698 795.724 283.833 34.9429 0
-587.298 -1147.13 8.45028 43 4
-1172.38 -868.09 -9.62222 42 4
-321.723 -1588.19 -3.99462 31 4
-1010.67 -167.404 4.7568 40 4
776.215 -1141.4 17.1661 48 4
549.49 87.9663 10.6191 48 4
443.597 750.822 3.6777 35 4
-1248.13 33.3738 3.14046 46 4
-835.189 183.86 9.68209 34 4
-1528.39 -427.675 -1.62625 49 4
-1550.75 -417.988 -142.132 28.6059 0
117.159 -1049.03 13.8187 42 4
-647.478 -528.715 4.23809 33 4
-671.09 -484.641 -502.748 29.7967 0
108.656 1209.56 0.534306 42 4
592.423 243.309 10.1926 47 4
-102.75 1236.35 -2.52341 42 4
-300.7 995.87 -8.18883 42 4
-338.381 735.657 4.53401 48 4
-399.324 661.253 -87.5348 93.1509 0
-1050.32 -354.634 11.9076 32 4
-1206.94 -386.163 -12.0306 36 4
1338.78 -557.616 0.193658 32 4
-415.731 -656.084 -0.0565461 41 4
-1326.91 -425.895 -17.4703 36 4
-1404.15 -445.155 -189.127 35.011 0
-173.078 1239.86 9.57983 40 4
671.219 313.017 14.6854 48 4
908.732 1090.42 -5.52108 39 4
560.147 86.5071 4.7898 32 4
838.045 -699.334 23.352 38 4
-127.693 614.415 -3.58746 48 4
391.609 -41.6775 -7.21093 45 4
-179.076 -74.3782 -8.61238 35 4
-679.749 -1129.41 -5.95025 34 4
-494.428 -546.687 4.63318 38 4
-386.433 -561.461 -229.542 71.9804 0
542.603 489.692 2.4184 39 4
-505.353 -1470.96 -1.12835 48 4
262.979 -5.03271 -10.0171 49 4
-362.35 319.363 -9.22903 37 4
-452.141 495.785 23.6869 46 4
689.318 139.865 10.4279 34 4
-176.214 422.748 -7.9233 45 4
-941.304 -589.93 9.7914 43 4
-957.483 -722.38 93.7873 77.4081 0
-80.792 735.938 -7.76779 45 4
441.305 155.274 2.40064 37 4
65.8226 -546.805 6.92965 46 4
431.948 -63.8447 9.2365 49 4
-503.076 -110.96 2.23531 35 4
-552.283 -199.042 30.9656 69.1738 0
-581.245 -178.949 18.3507 31 4
-612.245 -168.175 77.3167 34.532 0
-536.908 -265.447 10.9231 41 4
-612.335 -378.578 -102.986 78.5807 0
-166.714 180.857 23.6796 45 4
-625.523 -1173.24 12.8006 45 4
-703.189 -993.239 15.5713 39 4
305.882 592.994 13.1237 40 4
617.029 -712.6 6.24347 36 4
-187.474 124.643 -3.31345 46 4
-457.765 453.654 11.4534 42 4
-1241.14 115.044 0.371537 47 4
179.648 -215.118 -15.837 47 4
-95.3257 -45.7161 -8.044 36 4
-583.986 354.214 -3.53218 47 4
46.8876 619.293 -3.53222 45 4
-1081.04 -235.506 0.497346 31 4
586.684 -1054.53 1.75611 33 4
163.956 -95.3376 -6.26414 42 4
-494.077 -774.302 -8.89827 39 4
-115.211 -327.14 -5.34387 42 4
-238.956 -293.492 -188.054 65.0306 0
341.433 774.888 -3.22913 40 4
609.685 -592.522 -4.3198 30 4
424.877 -488.644 -12.8489 30 4
44.0946 737.303 14.2709 48 4
430.296 -268.356 -7.52206 47 4
-515.187 825.709 1.50308 45 4
-1482.55 -366.645 6.5382 41 4
194.658 721.404 -14.6406 34 4
-1594.25 -876.731 -8.42198 45 4
610.4 110.497 2.47326 30 4
1079.23 -795.104 -0.843995 34 4
723.688 1233.06 3.59411 30 4
618.86 251.612 -4.10766 43 4
-741.643 -182.263 -26.1472 37 4
-759.068 -125.818 -107.575 65.8022 0
149.989 -477.967 -7.83064 37 4
942.864 -767.658 17.7401 38 4
651.036 -448.516 -2.33483 47 4
-1224.94 132.009 1.14651 47 4
60.1218 341.572 -9.80992 44 4
329.264 -896.448 -2.15134 43 4
400.401 -527.251 -11.6356 31 4
-87.3329 928.38 -12.1346 33 4
-131.553 187.83 4.9117 40 4
-527.99 -443.115 -2.85098 37 4
164.769 849.2 6.53321 31 4
-67.7893 392.145 1.10278 47 4
-370.171 -639.925 -17.5233 38 4
-363.042 -634.771 322.791 67.1513 0
114.589 366.186 -7.69771 46 4
-18.6691 290.604 -3.4929 31 4
-962.091 75.9978 -0.512435 40 4
-256.93 -551.553 -1.73807 38 4
-231.8 -581.7 -398.1 63.9165 0
792.002 -21.2976 3.95624 33 4
-1074.53 510.837 1.89928 40 4
411.902 669.389 11.4016 30 4
228.27 -238.682 -25.3104 32 4
-993.709 285.605 5.22611 49 4
238.338 -428.845 -10.7267 46 4
-871.76 -290.116 -3.90864 35 4
-867.569 -78.6802 -75.0871 76.1807 0
-1198.25 -220.821 -2.49736 34 4
281.571 -518.224 -8.55527 33 4
69.0172 1072.63 -7.37541 47 4
93.2799 -841.001 6.00145 30 4
112.682 1131.72 -13.2091 45 4
273.216 -558.926 0.544081 40 4
-1153.08 -1022.31 15.3602 37 4
18.9523 613.796 18.9845 32 4
-638.935 -1123.1 10.5978 48 4
616.6 755.401 7.85989 34 4
-321.274 895.903 -10.1344 42 4
-1631.17 -144.835 4.96913 35 4
168.66 -34.9006 -7.86684 47 4
-337.67 7.00732 -9.79896 43 4
67.3341 55.6816 -0.594034 38 4
-213.047 102.477 3.29761 49 4
24.3013 -593.699 -1.21998 31 4
386.593 -589.611 -5.39213 31 4
817.702 -830.465 15.6597 39 4
1318.96 -427.765 2.36149 39 4
7.38428 -1481.05 8.09508 47 4
634.988 186.435 -16.0057 40 4
-196.135 -1354.2 -13.6613 49 4
1346.13 -442.133 -18.2037 36 4
-1322.47 -845.891 -7.69179 36 4
-1230.33 -893.551 2.29125 32 4
-1122.78 -869.671 5.43488 48 4
668.934 -926.163 1.32905 38 4
-627.037 -121.788 -4.48826 31 4
417.344 -579.137 18.9154 36 4
538.626 -437.051 -0.678976 35 4
236.477 133.652 7.19709 47 4
-376.626 -853.949 4.89437 39 4
-157.508 -954.191 9.27038 33 4
-1526.3 -1605.29 4.79319 47 4
203.108 -45.2981 14.5395 34 4
-411.547 692.241 1.82313 35 4
-1325.58 -229.136 -6.11191 35 4
-858.336 -76.2324 -8.93958 37 4
486.202 -151.265 -1.32672 34 4
743.388 -1077.21 -5.54992 39 4
167.495 -1040.38 6.21879 41 4
448.937 -464.773 -8.28438 39 4
-987.212 187.147 7.93218 49 4
-16.9912 493.02 1.0221 34 4
390.597 679.112 -12.9966 39 4
-74.9392 231.987 7.0553 40 4
-373.032 -288.171 13.6591 35 4
-381.561 -301.679 -352.576 50.4302 0
328.649 -139.875 -1.53961 41 4
419.512 -976.9 -2.77885 41 4
-384.463 302.853 -2.43531 37 4
-908.952 -903.245 3.66955 38 4
199.752 -741.397 -0.906565 32 4
-575.837 -1108.9 9.91121 48 4
288.472 153.078 23.9484 36 4
385.02 179.149 7.24483 38 4
-127.692 489.799 16.1368 30 4
87.1949 -995.128 6.96373 35 4
186.007 -256.379 -15.993 38 4
-642.48 -567.04 6.22511 44 4
685.226 -3.37329 -10.7746 41 4
1270.45 -357.067 -7.01277 35 4
-73.8059 -800.422 -4.00528 41 4
-567.843 -1278.52 -0.921175 31 4
499.483 -226.828 3.40408 30 4
-740.583 682.388 0.801239 39 4
-782.391 638.183 278.21 33.3609 0
-424.589 -381.225 6.16695 35 4
-479.613 84.3645 -1.72619 36 4
-971.983 -276.684 -9.70346 36 4
-24.1914 1078.65 5.85598 34 4
-175.469 275.77 -6.54038 32 4
145.281 134.687 -6.64213 45 4
-14.0212 1063.46 -5.53425 45 4
723.836 -141.173 2.83261 41 4
-467.78 -787.293 14.9793 36 4
1083.49 750.073 -6.52686 30 4
-372.311 -460.346 1.81419 30 4
-312.109 -462.15 62.1234 100.764 0
-39.7485 -214.76 11.8393 39 4
-151.64 642.069 2.93123 47 4
595.792 -446.236 3.63761 33 4
-124.269 551.721 -13.208 30 4
66.5629 593.055 5.08549 46 4
1050.79 -842.546 -19.6023 42 4
-595.302 -674.825 -0.942267 44 4
-1115.21 -265.287 -0.911167 45 4
24.3777 -549.868 -5.35478 40 4
1107.23 -742.566 2.25431 32 4
-327.663 -610.108 -5.62282 37 4
-300.164 -651.78 229.309 53.2986 0
284.592 -262.552 -5.67195 45 4
-1069.31 -361.926 -4.54343 32 4
602.411 -353.674 0.581544 43 4
502.143 355.059 0.922221 49 4
69.8707 -708.916 16.3623 30 4
114.983 -155.171 -2.0684 47 4
-395.821 688.28 11.4247 30 4
855.822 -1322.05 13.5365 30 4
83.0708 1176.28 -2.26723 36 4
88.1548 -466.525 0.162658 47 4
-1086.36 106.835 -1.13306 48 4
29.0446 283.966 -11.3657 34 4
-893.872 31.5273 -4.2519 44 4
-943.628 36.2217 65.8453 76.3363 0
580.257 -1377.27 4.1871 30 4
134.922 1014.73 7.36839 41 4
-1063.47 851.641 -23.5897 39 4
698.718 -984.94 -6.96505 41 4
474.177 346.542 -14.7657 48 4
-319.826 317.088 1.24138 31 4
-1141.89 435.769 10.3598 34 4
928.723 -159.35 -6.82663 49 4
-241.333 -97.4895 1.60526 41 4
-459.701 1209.5 8.37944 37 4
-18.2317 1079.57 -16.0788 49 4
-171.652 -591.472 -21.6857 37 4
-1619.95 -363.943 13.6098 41 4
-1688.99 -388.447 -11.0129 73.5972 0
-210.24 -1298.68 3.01975 44 4
-583.069 118.848 19.076 44 4
-556.411 101.241 107.011 91.2868 0
-802.547 -34.7263 3.15949 32 4
-771.618 19.8293 -64.8618 24.9317 0
-455.854 -65.7405 1.44234 38 4
-401.934 -80.1982 63.978 64.106 0
-80.0515 -18.6833 -9.03897 44 4
677.813 -520.688 8.8866 39 4
574.864 -1173.58 10.2242 33 4
-130.282 -120.233 0.786465 49 4
-1133.53 388.814 4.57192 38 4
653.364 -879.651 7.12937 33 4
797.964 41.7036 -9.45656 46 4
-992.46 261.249 -9.33017 30 4
-406.446 -796.257 -4.47972 45 4
-70.1105 371.418 1.70498 44 4
-351.934 545.709 1.61944 40 4
-360.003 495.434 0.658285 44 4
-1261.24 -717.329 13.39 48 4
-782.41 -283.737 -6.60008 34 4
-718.635 -394.923 378.917 59.179 0
-717.468 866.664 -6.79597 44 4
-585.819 180.08 -2.21367 40 4
-690.476 102.869 -208.394 48.3156 0
-465.977 -618.597 -2.69723 43 4
-453.687 -616.258 323.826 55.0275 0
-882.857 -942.193 0.689088 48 4
78.7709 -225.219 -8.21254 30 4
-696.862 574.78 -11.58 37 4
157.288 -899.908 -0.51959 44 4
-424.073 -291.495 16.3982 49 4
-552.022 -299.248 -259.098 56.7794 0
902.144 -42.8728 -12.6011 48 4
-491.429 870.526 -4.25907 43 4
72.6704 77.5542 0.505616 48 4
-644 308.754 5.17036 47 4
-68.6692 853.65 -8.0352 35 4
-243.537 -1649.42 7.39269 34 4
482.759 -457.897 -5.66544 34 4
-136.488 -839.747 4.99704 49 4
509.706 -164.632 3.567 43 4
308.652 -1265.82 -3.59832 48 4
-313.627 1297.15 -4.11809 38 4
-1208.36 -861.025 20.418 38 4
404.622 -96.6565 16.4387 47 4
132.264 749.475 12.8202 39 4
-547.634 633.502 11.7598 41 4
-743.842 479.309 2.11101 36 4
534.883 -1399.14 3.61889 39 4
405.688 -248.216 -20.7706 48 4
84.4443 295.014 3.86803 30 4
-1182.64 505.467 12.5526 49 4
937.935 -979.573 9.48337 42 4
-584.338 -512.483 -11.9625 49 4
-309.124 1233.15 -8.57687 33 4
-374.499 1177.21 711.059 35.9282 0
-513.169 279.838 -5.58709 49 4
-982.528 -747.815 -4.71748 39 4
-1177.11 -1070.68 -9.01377 39 4
-1254.02 -1037.1 -202.373 67.3943 0
885.584 -2240.75 6.13201 47 4
-453.397 -622.607 2.01981 39 4
-408.998 -651.919 -538.882 94.8734 0
-514.492 1200.99 7.47275 46 4
-108.914 971.929 8.10892 33 4
-615.512 -1383.14 11.9054 30 4
-710.781 -1133.84 6.3263 36 4
281.094 -382.629 6.81408 46 4
-683.366 -203.255 -0.371025 48 4
-634.512 -194.668 253.367 70.5015 0
-773.539 -873.451 -4.17994 33 4
-500.596 499.622 -4.82775 43 4
-155.838 864.787 -11.4308 45 4
-641.634 219.456 -9.56014 37 4
38.8944 -1146.63 1.73945 42 4
2.86963 -138.542 16.2607 30 4
-22.4966 -116.889 150.212 36.6535 0
-109.167 453.289 -12.025 47 4
386.995 -1343.19 3.99582 43 4
551.456 -1162.09 -5.58945 38 4
22.2296 839.355 15.214 37 4
877.127 -1039.53 2.16726 32 4
-463.846 -7.18921 18.5824 41 4
-516.314 16.2712 411.96 39.3575 0
-118.608 330.838 5.89849 43 4
367.557 -746.461 8.66099 33 4
263.345 332.789 6.27721 39 4
-1068.63 -420.345 10.1259 35 4
-354.19 342.518 0.150986 33 4
-7.69556 -824.709 -7.02078 32 4
-263.934 -776.261 -23.6643 34 4
62.4354 113.458 -5.22721 48 4
295.658 -127.535 -11.5946 43 4
-576.763 -948.653 -9.60275 35 4
885.05 -932.46 9.16076 49 4
-490.383 754.732 4.14205 32 4
-574.445 -511.31 -5.30096 36 4
-479.415 -533.352 266.597 37.6296 0
173.369 -99.6021 -19.3889 37 4
-455.76 527.678 5.81539 35 4
237.429 1196.96 15.9904 36 4
-266.87 -909.506 -6.02955 43 4
920.021 -324.961 -9.21746 31 4
-0.208984 -1357.52 17.0097 47 4
-271.419 -834.294 -15.5888 39 4
-965.066 -911.376 1.54039 45 4
-138.27 1287.13 -9.34328 42 4
-1035.07 618.177 -5.97162 38 4
-128.907 186.593 13.646 49 4
-505.268 516.504 -3.99288 42 4
76.7081 -537.521 8.76847 48 4
420.034 554.894 6.71521 42 4
96.7584 -1058.74 4.62583 30 4
-1020.2 -867.823 -1.6174 35 4
584.653 -1263.87 7.83067 44 4
487.982 -1117.47 -1.66807 41 4
77.4557 -226.836 -14.5636 40 4
-57.6941 -577.408 4.56996 40 4
-814.724 249.677 -5.24652 42 4
-682.784 -525.74 -1.49608 45 4
-474.966 116.756 -1.66301 43 4
-548.751 452.12 -9.666 36 4
1017.81 -144.36 4.04744 42 4
-279.315 -785.16 1.39052 33 4
139.121 -441.19 -5.84384 49 4
802.559 642.954 -1.56925 47 4
85.4697 255.023 -0.949353 45 4
-775.708 736.463 -14.0353 31 4
-713.151 656.356 -277.381 45.0086 0
138.2 -334.608 -8.6904 34 4
672.411 225.514 -17.343 32 4
-631.972 -120.036 9.33487 48 4
-736.353 -104.589 546.079 22.124 0
-312.427 510.118 -8.77764 32 4
548.208 -97.9653 16.3455 38 4
-279.785 336.748 0.829589 42 4
9.23926 -1367.16 9.90805 49 4
592.323 -396.527 -1.66247 39 4
-76.1276 -822.209 23.4439 49 4
-540.331 -1235.29 -3.04801 41 4
455.608 -383.686 7.85144 39 4
190.686 474.379 5.15404 48 4
379.981 946.312 -12.9392 45 4
233.007 358.937 -3.6426 37 4
363.419 93.7439 0.215433 33 4
-371.181 877.312 -27.1897 45 4
361.007 -358.771 -8.53207 34 4
-262.112 668.252 7.8286 39 4
1499.2 -471.237 -22.07 48 4
-774.444 72.0686 -26.1301 44 4
-688.615 53.7979 -385.347 73.2549 0
609.034 383.73 8.77036 49 4
319.072 -1318.76 -2.85848 33 4
-596.795 -1276.36 2.33902 32 4
930.022 1894.2 -4.87981 34 4
841.571 1856.07 384.148 74.8893 0
-5.6687 -786.929 -4.193 39 4
-330.841 -896.075 11.9714 44 4
-339.044 -322.737 -6.90348 38 4
-433.884 -291.855 -15.9093 90.622 0
-772.685 -1257.14 -0.823668 39 4
-445.887 -1069.05 -4.35859 33 4
82.9764 656.652 3.65498 33 4
-738.876 -934.339 -18.8052 32 4
568.856 -788.249 2.95444 49 4
909.852 235.008 10.3466 47 4
-116.664 599.997 0.323782 43 4
829.702 154.528 7.4618 32 4
-767.332 511.072 6.60776 35 4
134.953 454.539 0.933453 35 4
-466.59 -978.841 2.3916 43 4
1162.06 -805.948 5.01612 36 4
-1119.79 467.458 -8.57141 34 4
-1218.22 756.315 -9.05097 47 4
587.421 366.854 1.17142 46 4
-866.061 281.557 7.78784 44 4
-333.879 -129.367 4.50131 42 4
-495.827 880.807 -13.903 33 4
461.539 -991.788 -4.53291 47 4
514.838 368.399 4.46457 30 4
-529.158 621.782 14.4504 30 4
-570.831 -1598.72 -11.8815 37 4
-534.97 776.371 -4.75225 40 4
227.583 1238.64 10.7096 36 4
270.169 -454.483 2.18395 36 4
-1432.7 -406.4 -21.6411 43 4
250.533 -189.916 -10.0433 38 4
-1186.98 668.344 -25.5478 41 4
914.474 -989.865 18.8363 33 4
-229.784 649.007 -5.42234 44 4
-477.536 -576.762 3.8719 41 4
-437.068 -671.284 69.5263 72.101 0
-770.765 -1076.34 -10.8672 34 4
-162.239 -135.588 -0.985146 48 4
700.849 -408.715 -0.210147 36 4
-1620.14 -787.447 -1.9994 48 4
898.578 86.9294 -7.87509 47 4
-1042.07 281.701 -0.310692 45 4
-1274.41 843.496 13.95 41 4
-59.582 450.565 -6.24034 49 4
301.861 137.595 3.2797 43 4
-801.752 -1016.19 -19.4764 38 4
-1060.09 318.528 12.4737 43 4
-337.198 411.164 -10.8167 49 4
144.099 -1572.06 12.6472 34 4
277.593 185.924 -6.78592 32 4
450.205 451.574 -6.90307 45 4
792.656 -1010.78 9.69627 49 4
-1207 -847.716 13.0358 44 4
156.566 15.3313 7.19757 41 4
-377.42 -1645.75 1.62729 38 4
430.808 -1266.48 9.22178 44 4
-504.602 -146.779 -1.33785 41 4
-501.719 -122.194 -205.571 75.6407 0
-417.343 465.7 2.10095 37 4
-1112.64 273.924 -7.84987 47 4
-141.955 1295.42 1.06064 39 4
18.8561 -61.6152 2.65667 44 4
-568.278 -926.645 30.1715 40 4
-284.034 -1461.53 -5.85404 48 4
915.956 1645.03 -1.41362 47 4
1011.2 1702.72 32.4127 35.9184 0
-740.921 716.651 -13.9698 35 4
-714.462 731.459 -561.965 39.251 0
835.083 274.706 -12.674 34 4
-301.339 -1234.19 15.8997 30 4
586.212 387.278 -21.0068 39 4
-137.786 49.3259 -7.23888 32 4
-0.99585 -45.3721 -0.944287 48 4
-1142.39 425.018 4.35887 30 4
263.094 882.53 -10.6535 30 4
-486.673 -432.117 -11.894 43 4
-455.786 -498.418 -22.6033 86.5417 0
-1184.19 382.651 11.1849 41 4
280.621 733.375 10.313 41 4
360.912 -256.143 -1.39928 36 4
631.963 179.555 5.91618 42 4
-221.662 174.399 6.98822 46 4
-345.583 1153.65 18.1448 36 4
-413.373 1263.39 -12.4146 46 4
-222.952 176.449 -13.5073 48 4
-569.584 -330.594 12.482 43 4
-27.1647 427.347 -0.180767 37 4
-893.545 -619.179 -3.01596 35 4
-546.595 509.105 1.93152 34 4
65.3329 344.067 -8.55066 46 4
213.454 353.576 -1.98468 41 4
1082.55 -708.666 2.55376 37 4
216.273 -1358.77 7.50057 33 4
-847.244 -233.755 -15.2005 38 4
-845.448 -164.894 -9.92428 48.2221 0
779.9 327.289 5.16289 39 4
545.184 -227.386 23.3965 39 4
-563.47 -715.936 0.634496 49 4
794.975 -505.568 -11.9307 49 4
-174.053 -333.792 -2.6962 48 4
-238.297 -351.663 -37.2128 76.8006 0
292.363 756.708 5.59056 46 4
-1110.52 614.936 -0.13732 33 4
-204.667 -367.048 8.98462 48 4
-165.408 -294.506 334.096 58.6451 0
199.791 -341.186 -6.92961 48 4
289.264 -200.367 16.9604 36 4
427 644.112 4.548 46 4
220.307 -333.229 -5.65669 48 4
-311.855 577.615 9.17624 48 4
172.01 473.812 7.86943 32 4
-147.165 1059.71 0.289672 31 4
215.101 45.6416 -17.6237 31 4
428.399 483.729 4.35205 38 4
-625.253 -493.743 16.5923 43 4
-644.01 -404.032 -261.101 53.7063 0
200.411 44.7283 -3.93267 48 4
-388.086 179.472 -3.73547 36 4
-350.599 1363.1 4.95278 40 4
696.892 -498.287 14.7075 38 4
-227.479 339.831 8.54662 30 4
-235.984 -251.941 12.7674 47 4
-245.982 -270.077 -72.943 63.5989 0
789.027 -1073.74 0.63759 43 4
-207.51 281.433 17.8854 46 4
-377.104 -1295.69 9.38105 35 4
-504.534 -280.925 -23.5043 35 4
-454.272 -323.635 -98.216 65.5277 0
-587.279 -557.242 10.9004 46 4
386.078 144.555 2.83095 39 4
-102.1 657.603 -17.3351 43 4
542.687 -238.32 4.94639 35 4
301.982 -1402.05 12.5834 40 4
185.096 -11.9224 3.35788 34 4
378.696 -127.036 2.28829 34 4
-900.55 78.2686 6.91442 39 4
341.249 -1076.69 -0.919144 43 4
-1189.82 -433.796 10.3671 37 4
-176.508 -561.969 -10.4353 37 4
-181.145 237.107 6.20271 41 4
1097.84 -866.479 -2.29418 35 4
-149.285 987.847 0.388605 46 4
109.063 231.165 -14.3113 39 4
-392.161 -1500.69 -5.07126 33 4
-521.627 1045.37 -13.8105 48 4
-137.608 -666.77 0.384662 40 4
-121.572 -709.664 403.273 77.7199 0
640.541 -852.999 -2.33847 47 4
-1058.85 792.352 10.0628 48 4
-165.662 1332.01 11.6515 46 4
-60.9237 -252.927 12.4967 45 4
721.821 1019.91 4.26883 35 4
272.698 1101.55 -4.94224 48 4
318.153 609.447 -1.92934 33 4
-608.786 -1101.1 -4.6866 35 4
-416.689 -112.621 1.36949 37 4
1012.17 -977.799 -5.12502 39 4
-729.93 -291.261 -1.63073 31 4
-757.953 -312.741 -209.894 53.231 0
-1380.21 -889.356 4.33984 43 4
-1243.96 -261.887 -1.71405 44 4
-8.48926 62.241 -9.86383 47 4
-661.2 -927.425 -23.7567 44 4
-398.617 1198.71 6.91385 49 4
912.097 -1200.05 1.66416 44 4
329.766 745.51 11.9369 34 4
-385.186 -555.866 -1.46218 46 4
-1373.2 855.444 -3.19184 48 4
329.458 -445.293 1.46091 35 4
-247.156 -1230.91 -0.467659 39 4
-687.877 -35.4858 -11.7256 48 4
-648.209 -69.4294 -141.767 69.8536 0
-13.4658 -449.288 -2.30166 35 4
403.582 369.955 3.13558 42 4
-478.553 1057.02 -0.709098 33 4
-479.216 1055.69 479.341 69.2624 0
-332.596 -1184.68 2.95871 31 4
1251.4 -448.953 13.4468 31 4
-836.895 513.449 0.149042 49 4
511.955 70.7627 9.77976 41 4
570.809 -693.866 6.45263 33 4
307.562 -630.249 -3.56633 46 4
438.655 -542.893 -17.5471 39 4
-156.333 367.044 -21.1842 41 4
-651.176 19.3462 11.8179 33 4
-696.266 105.499 -29.8148 57.9405 0
0.184326 1213.43 -0.989832 44 4
995.523 -1087.62 16.5115 39 4
158.394 -32.2651 12.7165 48 4
-583.851 1028.13 -10.4757 41 4
-479.713 1020.35 137.14 65.7777 0
-1399.52 -206.83 1.34249 47 4
-516.137 -1061.07 2.3825 49 4
298.808 503.227 8.51256 43 4
-684.549 -920.821 1.28336 40 4
218.719 -1320.12 -17.4699 43 4
-849.073 -757.18 0.268699 32 4
-854.995 -831.271 -79.375 54.6622 0
-451.847 586.46 -5.36503 46 4
131.774 -534.841 6.09137 35 4
116.809 15.2878 10.7414 39 4
-141.535 -594.791 -11.4217 42 4
190.442 -1175.43 2.03763 43 4
151.126 -1260 14.8033 37 4
384.802 467.593 -1.26916 48 4
-408.732 -548.579 -10.7814 44 4
-425.451 -470.869 258.859 72.1753 0
-1266.52 -1057.4 1.87892 47 4
-1237.55 -906.395 -292.82 67.7466 0
-852.673 -627.221 7.27335 33 4
558.844 414.67 5.03389 36 4
-1002.9 -528.165 2.38751 43 4
-615.481 468.02 3.04422 46 4
-390.977 -634.826 12.4574 49 4
-342.579 -502.957 -646.375 74.9193 0
-579.529 566.036 -9.25649 42 4
230.392 999.864 23.0246 37 4
-796.425 214.365 -11.3905 32 4
-887.27 453.927 0.29042 30 4
-772.747 517.935 -24.5305 38 4
-252.502 -47.4087 13.8196 44 4
-60.4175 -1111.57 16.7062 45 4
-356.257 1066.33 3.39014 33 4
187.376 365.031 20.268 45 4
-1630.6 -247.565 7.22269 35 4
-21.3086 124.215 5.22406 44 4
-684.674 -434.526 9.81869 42 4
-743.182 -425.112 -156.742 48.3411 0
-502.668 -532.076 19.6227 35 4
-535.449 -517.42 -443.696 73.9028 0
-303.254 -1497.33 12.4522 49 4
-388.93 -1502.75 122.728 48.333 0
-17.2531 26.3118 -29.111 44 4
-369.715 354.634 -3.86326 40 4
-121.12 258.773 15.3892 44 4
486.969 331.95 2.3792 40 4
-457.172 -1141.83 -0.276952 45 4
-221.952 387.764 6.00035 33 4
152.868 -1416.51 2.57672 45 4
998.733 -675.764 11.8286 30 4
-110.431 -993.731 1.1465 32 4
-474.618 -454.349 5.56992 43 4
159.564 -971.323 -2.38858 44 4
515.695 534.304 6.62816 30 4
-299.046 -784.668 16.7862 46 4
-295.951 -5.29004 -18.2575 42 4
-316.755 51.8428 231.932 58.7711 0
-330.125 983.739 1.8349 43 4
221.037 397.37 -17.3548 42 4
-370.536 -1315.02 -2.34913 41 4
159.204 774.2 -11.7878 47 4
-152.261 628.802 7.79289 41 4
-1389.82 -167.26 -1.11977 44 4
-18.0287 -827.408 7.57631 39 4
-679.068 651.374 8.09068 49 4
-431.475 -101.365 -0.258808 30 4
-362.537 68.6062 246.818 69.3635 0
-550.885 -604.35 12.3461 46 4
-274.479 718.426 -3.05652 44 4
-1132.57 -217.958 -1.0485 45 4
-3.46094 -816.067 13.1364 31 4
-1029.62 -557.994 14.7794 31 4
848.683 -1093.85 2.99256 30 4
-437.39 -788.791 5.30897 36 4
-318.488 -722.849 -0.288549 42 4
191.949 366.308 3.65448 36 4
309.098 -1057.04 -12.4648 47 4
-130.369 -626.472 2.17113 36 4
-1080.65 -676.934 -8.147 39 4
-1657.69 1046.09 -2.5254 34 4
-716.236 1105.75 -1.83517 31 4
880.886 -621.2 10.4781 34 4
5.1687 -1548.46 11.1074 35 4
-961.393 -959.052 -7.44009 46 4
-425.114 -569.639 -7.50526 47 4
-360.411 -642.917 -250.882 78.5399 0
-1147.28 257.239 -8.39365 41 4
-1532.15 -648.31 7.06819 46 4
-587.847 22.9788 6.65918 35 4
-622.168 -7.24927 125.234 43.4053 0
408.531 563.74 5.45089 34 4
-1122.8 541.51 -9.16756 31 4
-747.205 -569.151 18.5623 39 4
-448.241 350.834 -15.1437 37 4
245.567 -1319.09 -2.95597 40 4
772.26 -300.251 -5.42904 30 4
561.984 -1077.01 -3.16734 31 4
-829.834 -862.337 19.4227 41 4
65.0955 -207.176 3.11054 41 4
-200.751 720.266 8.27083 43 4
504.522 -54.7126 -1.34878 37 4
407.019 756.49 1.03515 36 4
297.869 -1334.75 5.47132 31 4
-536.905 -45.2375 9.80291 38 4
-616.247 -125.149 -301.415 47.3276 0
-1147.62 -441.562 -19.8524 37 4
-43.1012 116.177 -13.8569 43 4
-660.411 -817.829 4.7476 37 4
472.276 -809.114 8.83077 41 4
149.135 801.493 1.67623 49 4
-616.417 -1333.92 -20.1324 34 4
43.6163 1219.2 13.1371 40 4
-373.333 -1311.81 -10.6238 38 4
-53.2289 -704.532 4.01628 30 4
-107.392 -685.794 80.7167 73.6804 0
201.173 615.862 2.07713 41 4
-473.534 -507.083 -5.11256 34 4
-456.463 -569.653 -68.9554 86.7643 0
494.12 200.538 -1.2392 47 4
-568.551 -280.654 7.35689 37 4
-602.993 -367.265 -125.132 65.1487 0
87.6809 -607.137 13.8072 43 4
-391.383 -136.831 6.02754 39 4
-289.106 -513.007 8.81302 45 4
-383.438 -484.442 139.447 40.438 0
-620.804 -1110.61 16.2232 48 4
-504.181 353.295 10.6891 35 4
-293.049 -548.885 29.0749 38 4
-296.686 -1738.08 19.772 37 4
-418.765 -1543.75 3.86288 42 4
-440.623 1298.19 9.21091 48 4
482.711 -964.112 -11.5855 49 4
-141.007 77.3647 -1.28911 36 4
649.596 -607.199 1.37538 39 4
-293.218 -1715.06 26.2099 41 4
595.693 -1036.96 4.40759 41 4
253.398 -644.601 6.81215 38 4
-232.372 -717.398 9.53133 39 4
761.25 -959.511 10.5898 34 4
594.892 -526.568 -5.03016 47 4
14.8341 1099.08 0.628073 38 4
-460.486 -1217.72 -15.9043 47 4
-24.4471 902.081 7.80239 34 4
-235.809 -321.91 -5.14395 49 4
-219.423 -401.27 362.778 50.523 0
-1498.4 -28.937 -7.10506 39 4
-640.055 -123.49 10.9633 30 4
88.1121 427.925 -6.75276 39 4
-90.84 -78.4592 3.46292 39 4
-783.797 10.4568 -4.90641 30 4
-800.11 53.1221 -116.226 71.8235 0
868.717 -299.149 -16.0249 43 4
-1177.64 64.323 18.6607 44 4
437.545 -191.525 -7.26578 48 4
410.321 -323.773 -10.1857 42 4
880.047 -237.683 -33.4116 37 4
123.303 -295.134 -2.24399 49 4
797.035 -1072.28 -0.221401 30 4
226.979 989.001 -2.86301 36 4
13.1982 -1111.82 -11.2897 46 4
614.101 -884.006 19.7565 38 4
-471.673 1167.08 2.47046 35 4
-450.122 1141.12 100.136 77.1126 0
109.739 728.627 -2.23842 30 4
968.951 137.113 -0.993396 49 4
-528.013 267.368 3.25742 47 4
260.205 -160.188 14.1176 36 4
-287.691 900.55 -2.39616 30 4
-299.588 -770.771 7.79843 38 4
-205.45 -1366.28 10.6172 40 4
-712.113 -1202.04 4.20105 39 4
31.1621 -1151.24 0.12186 39 4
-262.407 -94.3796 20.5504 44 4
-20.6827 -27.3679 2.27112 48 4
-822.41 -1103.62 9.34923 47 4
-1628.29 3.58789 15.4501 42 4
-240.284 198.986 3.49251 44 4
1342.1 -550.814 4.5271 38 4
347.117 -708.274 -1.95251 31 4
594.265 -12.9958 -9.71036 44 4
-426.359 -584.172 4.45428 48 4
-473.294 -599.095 109.88 51.5643 0
782.226 112.178 10.4446 40 4
725.868 -355.201 -4.33894 36 4
20.1354 -842.691 0.726759 33 4
-1015.08 349.447 0.0835638 46 4
-788.871 232.954 5.10594 46 4
649.607 187.966 -9.97186 45 4
-635.903 -659.12 -24.3883 34 4
151.464 -407.463 25.9248 37 4
-368.625 530.144 7.86305 37 4
-253.643 35.6372 12.2325 32 4
-331.339 -1643.88 11.2631 45 4
158.87 115.378 -9.0137 46 4
585.947 233.952 5.14687 49 4
-11.9731 -1588.28 12.4887 46 4
-604.757 27.8718 -3.49416 37 4
-634.158 83.4121 204.573 61.2356 0
-31.8883 1259.69 3.12172 46 4
-1183.62 348.841 9.55436 44 4
-1398.03 -664.47 -11.3228 37 4
-587.245 -990.085 7.42824 34 4
-585.784 849.834 8.5808 34 4
-731.304 66.8647 0.508711 46 4
-585.785 1175.46 4.41608 43 4
372.892 -546.28 18.5215 49 4
-150.829 -2.43433 10.1391 36 4
-647.975 112.684 5.92716 32 4
-691.625 79.6919 -487.363 41.119 0
-392.896 -180.492 6.24955 33 4
-91.8173 323.027 -5.31364 30 4
761.403 -1039.42 -7.49873 41 4
-1026.4 705.562 -1.0578 46 4
329.242 465.177 19.6894 36 4
-76.257 620.947 8.92696 31 4
-842.291 12.7593 0.23397 48 4
-779.503 -18.5156 161.237 65.7598 0
352.173 -457.307 -8.88352 35 4
163.141 47.4658 -1.08079 34 4
-338.955 -180.167 -17.5718 45 4
-1534.76 -710.581 -2.3095 31 4
-82.1466 -233.772 -8.3777 41 4
-838.909 -901.576 16.5249 41 4
1040.47 -1011.53 3.68358 31 4
561.076 -890.959 -13.8268 49 4
496.548 -290.739 -5.05252 43 4
705.345 33.6628 -8.18309 46 4
-16.7523 -795.525 11.9978 37 4
-212.849 1028.62 0.904986 42 4
234.131 -442.644 9.75411 34 4
-328.314 570.736 0.268784 44 4
-185.25 -690.457 2.79546 31 4
-473.699 -214.124 7.13351 49 4
-557.377 -187.342 -287.13 65.8127 0
-184.748 -577.673 14.1745 31 4
-123.188 -613.093 -221.438 52.672 0
995.567 -793.653 3.09115 35 4
168.216 -1404.2 -9.57368 45 4
97.7621 -289.05 -12.0447 40 4
-56.465 1442.49 12.1086 41 4
-492.831 -694.766 10.4882 36 4
55.6669 273.643 13.7209 46 4
426.047 -1030.14 13.7434 35 4
-671.082 380.064 15.9583 39 4
-931.782 203.899 3.60241 47 4
-912.092 300.375 -178.438 27.7252 0
73.8403 1122.33 6.28136 46 4
391.371 -764.827 -11.1166 47 4
-560.697 -717.839 -23.2788 33 4
-1039.36 243.389 -1.57318 39 4
97.7589 -239.872 9.03866 46 4
-144.627 -1364.98 14.1391 38 4
-338.229 47.7695 -12.8235 35 4
-539.216 670.572 -19.9971 33 4
138.473 1279.87 -7.39824 32 4
-54.2238 -157.639 -15.4205 47 4
-957.306 -903.019 -1.18842 36 4
-184.666 -68.085 -2.77705 45 4
-913.813 -780.526 -5.53579 38 4
-887.939 68.5586 -2.97148 41 4
-971.333 83.7693 -42.2674 62.4577 0
-483.936 990.02 16.39 33 4
-462.567 1110.26 -297.456 44.2814 0
743.405 -453.574 -2.36118 45 4
-767.555 -75.032 -0.843141 33 4
-819.105 -28.4143 -657.461 105.467 0
523.229 -356.641 -4.44058 38 4
267.938 -783.161 15.9586 39 4
337.037 -794.539 -618.654 47.1779 0
931.093 150.616 2.36537 46 4
-321.328 -399.547 6.77001 49 4
-263.427 -347.902 -319.111 34.0197 0
-246.963 382.8 -6.25219 32 4
-288.668 -469.629 4.77084 32 4
-214.941 -479.188 484.139 33.4126 0
-538.217 863.356 -5.57843 44 4
-1469.99 -366.506 6.55613 42 4
-126.058 -69.4355 3.76039 35 4
-335.518 40.9321 -10.0155 31 4
-482.873 1071.88 -16.0566 39 4
-20.9683 -627.86 -2.92022 32 4
-1143.29 -459.179 -2.72214 32 4
287.091 59.6094 -0.830325 36 4
373.677 117.594 -17.7978 41 4
-194.009 756.629 -8.97043 30 4
-385.335 473.753 10.8817 31 4
-632.482 -914.939 4.43579 30 4
-431.726 649.291 -0.443422 38 4
-320.548 673.818 154.113 12.1584 0
104.513 1028.55 -3.31603 32 4
-1070.33 -128.671 -6.32608 36 4
-531.117 -1127.64 19.752 33 4
-348.297 -399.4 3.05717 46 4
-222.931 -354.161 -41.8562 54.1574 0
346.721 -400.124 -12.0863 45 4
-1238.87 -386.198 -0.694093 39 4
972.792 -10.0693 -5.9118 33 4
-822.302 -625.32 -7.2133 33 4
987.241 -1462.42 12.9878 30 4
981.422 -1450.34 182.69 30.4554 0
341.951 -1432.08 10.7852 36 4
-113.037 -899.395 -16.441 48 4
-160.684 -1368.5 17.1524 45 4
-1308.61 825.206 6.28345 36 4
388.784 -825.07 5.96262 49 4
-1286.34 -577.393 -2.78077 42 4
1302.7 -422.34 10.9497 35 4
1286.19 -492.003 -90.5527 64.5058 0
1102.8 -949.232 0.483391 31 4
-574.237 -1238.53 3.41267 36 4
-60.7323 671.018 7.46561 30 4
-898.912 -84.4802 9.67836 44 4
39.1414 520.67 5.52028 33 4
733.473 123.586 4.34257 31 4
605.389 -1387.06 -6.31268 45 4
690.465 941.715 -1.78726 35 4
30.5801 248.871 -12.604 33 4
-514.349 919.716 -5.51346 43 4
-411.84 -153.823 -1.23409 46 4
-29.0947 679.846 4.64095 45 4
621.979 -339.03 8.12454 44 4
-617.313 -749.474 -19.2072 39 4
-106.048 694.731 5.78236 33 4
-1460.21 -21.9709 2.41762 38 4
-339.867 684.571 2.01218 45 4
-316.318 139.065 -6.64709 48 4
498.845 -131.893 15.6343 46 4
502.167 -1190.94 1.48027 40 4
-98.4121 -460.667 4.55172 37 4
-205.29 -313.812 -3.91692 49 4
-211.5 -245.334 -507.023 61.3202 0
-146.68 244.857 -6.05562 35 4
-902.032 307.62 11.1233 37 4
-862.264 269.753 -461.683 84.3532 0
-528.099 -729.892 -3.08972 36 4
336.616 -28.9961 -0.652713 33 4
-558.082 -428.44 4.29905 33 4
743.335 -1092.47 5.00778 42 4
-623.509 -261.721 4.49993 44 4
-685.286 -244.363 438.8 58.3373 0
-1164.04 -888.226 -10.1689 37 4
-1019.72 155.636 2.72969 48 4
-417.026 -650.618 -1.72231 45 4
415.978 224.284 -13.4412 43 4
-299.822 0.755859 11.178 40 4
-881.583 -521.704 -8.21745 39 4
-606.88 923.479 6.61739 46 4
585.266 -538.962 12.0227 33 4
-383.177 1.64941 -2.51 34 4
-403.587 -0.89209 -415.306 79.2454 0
80.8295 -1196.36 -3.41428 31 4
-719.3 -403.354 -1.28305 48 4
-811.275 -393.942 107.079 53.5732 0
-500.616 -952.111 -1.9963 39 4
239.382 -745.806 -0.313108 40 4
-1205.59 -329.13 -10.5753 44 4
-139.718 618.781 -8.97096 34 4
34.4022 641.522 -8.93295 49 4
-1043.73 -1054.69 -9.76379 39 4
-542.745 315.865 -7.1525 34 4
-463.46 -43.665 0.260745 44 4
-318.576 23.5286 143.918 81.8036 0
-1197.39 503.166 -3.85093 38 4
447.167 -204.938 1.47119 31 4
-35.6564 283.68 1.68756 46 4
-270.354 -1484.94 -2.99656 45 4
-126.229 -1260.14 9.30274 30 4
-1027.98 -741.243 -9.10308 31 4
574.293 653.385 -3.53238 45 4
-461.568 -96.6924 -5.99034 48 4
369.333 131.535 7.47424 46 4
-177.516 515.363 10.1865 40 4
-430.407 -530.944 3.66114 41 4
-476.808 -491.274 341.372 66.2611 0
-276.601 -738.723 2.33151 40 4
-43.5575 -1373.45 -8.35843 47 4
-311.302 -284.308 7.16908 31 4
30.743 -792.49 6.34115 47 4
86.7953 -815.173 -448.998 76.7737 0
756.077 -467.618 -1.52552 40 4
-1521.91 -579.263 -13.36 33 4
51.2203 225.796 -18.6435 49 4
-276.854 -162.439 -12.7267 48 4
-268.91 703.05 12.7675 36 4
1172.36 -678.852 -3.47428 45 4
-147.664 231.733 13.9213 41 4
192.43 181.193 17.6209 34 4
-184.818 -1435.92 -9.79634 35 4
254.243 -1439.7 -21.9044 31 4
-363.683 850.918 2.67307 40 4
424.054 215.113 2.5759 39 4
-1048.62 41.7664 -3.87315 30 4
-139.292 80.3298 7.31144 30 4
-485.011 -800.595 -19.5649 35 4
545.989 -603.822 2.42716 36 4
-747.67 356.81 -5.74164 30 4
261.681 -10.1978 -7.81606 36 4
327.035 -88.5803 -556.828 11.0258 0
-462.547 251.916 -14.8395 44 4
-1124.78 -596.742 -1.15069 45 4
-118.751 -443.225 -7.85271 37 4
-698.455 -63.446 15.794 37 4
-744.577 -113.006 295.416 47.1149 0
-299.434 -258.875 11.5932 32 4
-401.075 -672.037 -4.55018 47 4
108.744 -213.811 2.06254 33 4
-893.275 -1175.5 -29.7047 42 4
513.843 -1156.32 5.00385 38 4
217.327 -346.758 -8.60857 35 4
226.175 -875.177 4.46443 39 4
-1182.45 233.781 -0.830221 31 4
-286.176 1258.3 1.99116 33 4
-62.0386 417.634 -3.56714 41 4
143.797 -817.344 7.50932 34 4
5.74622 1278.71 18.8831 32 4
128.074 -188.919 -6.9738 39 4
-664.165 -963.621 -16.314 40 4
569.291 461.216 -1.76159 39 4
-1595.78 -536.251 -8.73478 31 4
191.619 -1296.89 -6.12684 37 4
-745.174 -515.497 -13.8104 44 4
-750.829 -443.3 78.8595 54.1101 0
-645.777 -563.76 -12.9551 32 4
-617.215 -517.522 -370.064 43.2035 0
-1158.22 -822.565 1.43088 47 4
519.187 -938.326 4.27668 45 4
-439.31 -1013.56 -11.3177 45 4
-535.232 -382.958 -11.4898 47 4
-473.864 229.575 5.10398 31 4
91.3625 -511.218 -8.88133 43 4
696.806 240.876 -19.4444 47 4
528.163 111.779 18.7727 37 4
-318.167 1156.68 -2.8228 38 4
-17.8059 -461.127 -3.01493 35 4
255.777 205.598 19.8449 36 4
-138.23 533.954 -10.2046 45 4
-570.602 -303.876 7.45443 37 4
-630.265 -195.044 457.324 71.7151 0
497.275 51.2686 0.566744 34 4
639.827 106.489 3.50314 41 4
-72.4838 160.094 -13.2956 42 4
198.541 204.849 -0.228544 34 4
-571.033 810.302 -1.35104 46 4
451.231 935.496 8.57269 31 4
-654.455 1043.82 -6.76174 48 4
338.37 -431.9 12.7762 41 4
304.804 372.803 8.02337 35 4
870.939 -582.695 3.12283 32 4
-671.157 -1178.57 -3.72027 35 4
469.061 208.339 5.71885 44 4
387.632 356.615 -9.40589 35 4
869.351 1776.42 12.6682 45 4
771.319 1725.92 34.3912 51.0627 0
-665.504 -566.505 -3.76323 37 4
-650.578 -572.767 -146.056 58.5737 0
-400.232 287.516 -6.52215 42 4
-447.369 342.252 -261.294 83.3458 0
-1330.25 -649.19 10.4034 39 4
-1363.16 967.736 2.68348 32 4
-437.766 -382.885 -9.63465 39 4
-484.756 -392.78 638.309 73.5835 0
471.474 -497.699 -1.94936 35 4
-252.735 -607.275 -8.20955 47 4
521.015 -814.93 4.32963 49 4
-1041.98 -154.616 1.18658 36 4
-265.846 -1056.71 7.45417 40 4
-220.246 354.709 3.48584 38 4
-654.273 877.898 2.88259 35 4
-492.525 830.351 81.1101 60.198 0
627.687 304.135 -3.8094 40 4
-28.46 -938.544 1.86972 35 4
491.365 -453.826 16.3074 34 4
-967.862 -639.536 -1.62934 36 4
-521.67 -811.646 3.19956 35 4
-683.986 -312.564 -2.93628 30 4
923.61 174.876 5.46758 47 4
-356.149 505.831 -3.78735 47 4
-325.007 -1323.82 2.76937 34 4
-63.406 296.108 2.56526 35 4
-597.366 68.8318 -14.1347 40 4
-645.33 134.653 -129.71 47.563 0
557.327 -90.3999 -3.96478 32 4
-374.149 -872.966 10.7642 39 4
689.865 -23.0874 -16.6162 45 4
-107.051 -1255.82 2.21704 47 4
122.969 -1255.81 1.22515 44 4
528.648 -481.721 -0.00347836 32 4
-444.867 954.248 -21.0743 32 4
-405.058 1006.76 95.3037 89.3902 0
-991.069 -374.038 -6.41911 31 4
917.318 55.75 3.82804 39 4
358.771 -388.571 -13.8426 36 4
-771.171 -60.7827 3.15226 41 4
-298.942 1208.32 10.7619 41 4
231.778 -812.079 0.0630197 37 4
325.116 -1207.42 5.66983 38 4
96.9786 -890.835 -10.2085 30 4
604.261 -836.071 7.84102 36 4
753.368 366.658 -11.3844 36 4
279.922 17.5955 -10.9345 33 4
-565.53 374.046 1.928 37 4
182.455 -374.011 -7.45674 41 4
-249.141 126.552 -14.2764 43 4
-493.655 1116.3 -10.6294 42 4
-493.88 1160.61 -186.349 21.1437 0
421.903 418.315 11.1695 37 4
278.411 722.135 -8.49652 41 4
-969.982 -914.832 -17.7387 39 4
-575.698 -1507.45 1.21808 37 4
-687.879 1465.24 0.316211 30 4
-748.5 1550.08 289.248 58.6339 0
-194.35 1222.92 -3.19142 36 4
-1001.59 -449.069 -20.1113 42 4
-773.011 643.321 17.6069 36 4
-755.07 679.436 -405.013 63.7529 0
323.089 509.168 3.39441 47 4
-911.774 544.376 -7.5089 36 4
-889.45 554.596 -226.495 45.5326 0
-344.226 -821.856 26.1975 37 4
-463.022 -816.066 6.25895 34 4
-349.13 -452.026 -0.75485 33 4
-318.943 -410.308 -200.757 37.2923 0
-526.987 176.64 -1.03486 31 4
-446.525 182.813 13.8914 49.3545 0
-211.636 1236.24 6.57989 36 4
243.69 278.029 -21.1049 47 4
825.554 -541.528 -6.84559 45 4
8.48364 -151.88 11.1197 38 4
339.966 -1165.15 -5.50755 33 4
-333.749 -1575.84 -12.5288 48 4
168 1201.59 -13.5251 41 4
258.832 -969.646 -10.0751 41 4
351.581 -305.478 6.1304 36 4
-1037.18 -372.019 2.06892 34 4
-278.561 1149.58 -17.7353 39 4
-879.343 -540.212 -22.9565 42 4
-504.857 254.248 2.07768 37 4
-111.769 448.113 -8.51037 46 4
183.17 -618.887 -3.46606 45 4
499.928 -189.608 -0.283746 42 4
199.889 -720.271 13.2027 31 4
-240.601 1331.07 -4.73769 45 4
297.35 -428.706 -6.27402 34 4
-447.603 -1126.83 -16.8007 40 4
-788.048 -855.12 -21.1882 32 4
-927.967 -854.405 12.8467 34 4
-90.4209 -218.794 -14.9859 47 4
215.451 -520.217 -6.10811 44 4
-738.603 214.145 13.7984 32 4
-818.246 279.61 -127.892 40.9195 0
661.637 -432.294 18.9667 36 4
-837.212 -809.406 -1.8641 43 4
-850.339 -184.859 -15.1409 39 4
-1014.43 57.4194 -3.19553 40 4
-711.753 -1104.43 6.95442 46 4
-181.89 958.433 5.162 33 4
1191.53 122.094 17.9237 39 4
-662.771 318.055 -27.3085 36 4
-721.679 268.674 -248.04 63.3909 0
199.953 -979.709 -20.0116 48 4
401.178 -203.371 6.80146 47 4
855.557 -504.539 17.8903 39 4
56.1995 142.419 -9.76537 46 4
-455.922 462.539 -0.93513 38 4
-169.811 -293.463 2.57443 30 4
-179.75 -331.305 76.051 51.424 0
-305.841 917.655 -6.7599 44 4
-726.732 -554.736 5.38757 42 4
-80.3757 -95.4255 16.4792 40 4
-1242.45 518.378 6.10974 48 4
277.466 -1098.99 -6.68105 41 4
185.491 745.992 -4.02832 48 4
-992.006 -771.044 -1.78476 35 4
-1095.82 -630.98 5.49172 34 4
107.984 782.618 -5.06753 49 4
19.9045 -625.764 -10.0588 30 4
-182.659 -764.047 -7.27459 30 4
-204.123 -869.368 560.605 47.704 0
376.103 -659.548 -14.1966 32 4
157.329 129.163 -16.1605 33 4
87.345 686.921 -2.9783 46 4
-240.636 -371.59 0.773625 49 4
-186.65 -508.262 -70.652 52.3102 0
-192.849 -606.713 9.4949 39 4
-204.904 -477.307 62.2269 25.7116 0
-156.352 -1093.43 11.0116 41 4
414.201 -383.989 0.977907 47 4
-985.346 -345.858 -3.84214 32 4
-685.718 -54.7075 4.03801 30 4
-749.944 13.7627 940.271 49.263 0
-557.648 784.096 14.6208 49 4
-613.917 895.834 329.931 80.2921 0
-1026.22 346.004 -17.0351 41 4
383.375 -1119.3 -2.38765 45 4
-287.91 60.3599 0.304397 38 4
-173.164 824.399 -3.53399 47 4
30.8547 -7.4292 -19.013 43 4
-588.801 477.306 -2.17179 35 4
115.231 -536.039 7.63453 48 4
171.141 -574.659 3.7713 31 4
552.484 -295.881 -6.80648 36 4
299.888 679.414 -3.98027 41 4
-37.0079 -744.153 -1.21661 45 4
-162.38 293.234 -11.5609 40 4
-648.725 144.82 8.9554 43 4
-743.918 139.549 21.9875 48.8514 0
520.716 1338.39 -1.62733 43 4
31.0273 258.97 20.6241 32 4
76.0587 316.192 -11.1391 41 4
-252.206 489.327 4.54028 49 4
-576.514 1166.07 13.7316 48 4
-12.7339 -636.781 -1.40063 33 4
-499.925 -286.472 14.1301 49 4
-526.562 -209.788 65.3919 82.1789 0
-764.603 565.797 8.8805 40 4
15.1648 337.304 -5.35579 35 4
-724.883 -494.57 -10.5972 32 4
-758.864 -456.818 201.197 106.174 0
-598.976 74.2007 -6.65112 36 4
-589.422 15.0085 25.2779 42.2866 0
506.789 -607.872 -10.8969 46 4
-293.125 378.375 -2.99794 34 4
-457.674 945.171 -6.85365 47 4
-342.73 964.067 262.315 60.1254 0
-585.432 876.175 8.44506 43 4
-556.862 994.288 57.0726 82.8398 0
489.583 847.754 -7.76974 36 4
-83.7733 729.912 12.2329 40 4
-635.006 765.35 6.50946 34 4
-391.278 -623.783 -10.9103 39 4
-366.509 -663.988 113.942 66.734 0
29.6429 -1262.35 1.67695 35 4
798.729 194.949 0.214855 43 4
-335.237 180.5 9.53662 48 4
1087.21 -807.112 4.93686 41 4
-563.04 -695.631 8.45846 40 4
-109.94 643.299 1.96391 47 4
307.966 -779.897 -1.88866 42 4
-733.031 -1199.63 -6.95114 38 4
-557.716 -932.056 7.00306 38 4
467.081 535.595 -5.29116 38 4
-605.544 563.399 6.94734 49 4
181.16 -91.0439 -3.06298 31 4
184.856 546.626 4.60819 43 4
234.638 622.796 281.493 64.2737 0
-224.867 -1027.17 -28.0763 43 4
-204.774 -345.525 12.6211 34 4
-224.251 -379.135 -1.52882 77.2553 0
-634.515 -249.858 -16.7029 34 4
-687.813 -211.048 6.75638 50.9985 0
-778.475 453.329 -8.73679 41 4
-851.523 506.823 103.815 75.254 0
-43.1224 -1168.87 -20.7968 49 4
443.723 -816.492 4.75415 34 4
713.352 249.172 28.3119 43 4
1234.11 61.7358 16.3371 34 4
-580.022 101.581 -0.535548 48 4
-545.808 124.859 -309.016 54.6589 0
239.057 46.686 5.39074 49 4
824.27 122.662 -22.1458 42 4
252.153 -44.7188 -22.6234 32 4
501.673 88.1431 5.30004 39 4
-854.669 -403.031 -2.32791 47 4
477.573 -189.18 -9.33066 31 4
191.25 -766.117 -3.21193 49 4
-847.657 -181.752 12.8919 32 4
-757.39 -146.829 174.956 54.9989 0
-457.742 -89.4658 -7.4432 32 4
-340.816 -98.1521 -11.8473 38.8615 0
1337.35 -476.756 -5.28644 46 4
-934.455 369.163 -7.58772 45 4
350.676 -1063.64 2.94838 31 4
-178.572 -778.028 -6.36722 37 4
-1452.32 -343.143 -8.46717 47 4
627.484 -514.841 20.0764 40 4
-960.756 -669.146 2.90951 42 4
-144.525 -908.304 5.08886 36 4
-534.338 1133.23 -9.36877 48 4
-8.98572 -934.31 -12.8434 42 4
-555.772 990.081 11.9038 35 4
-330.732 1095.09 -10.4643 41 4
-821.62 420.439 -2.51901 35 4
344.895 -460.673 8.69089 40 4
-481.277 908.38 -8.73876 37 4
-117.073 870.867 4.3002 40 4
-368.095 -1440.06 -17.8803 31 4
-516.22 146.665 -15.4943 37 4
-705.419 321.751 17.8361 36 4
-487.797 -514.531 -3.02185 36 4
-167.46 1169.27 1.43436 33 4
908.135 66.6895 -1.71123 46 4
779.188 -943.226 7.47322 35 4
384.745 -331.204 11.587 46 4
-334.558 344.188 10.2415 49 4
225.324 -535.855 -3.36719 36 4
-567.018 -174.38 -7.97605 35 4
-511.064 -157.55 264.95 76.644 0
-47.6161 528.747 15.701 42 4
59.3411 -707.974 -18.022 47 4
216.565 1205.38 -10.5913 37 4
-695.327 -888.959 11.9031 44 4
-730.642 541.326 4.72203 36 4
-330.299 434.094 10.1656 44 4
230.992 -579.863 -0.500741 37 4
-697.017 -158.157 -16.1314 43 4
-728.738 -165.983 668.88 19.1872 0
16.0702 -186.062 13.2266 42 4
-361.266 -1343.91 -0.872222 47 4
-930.686 -76.376 4.3431 47 4
445.288 716.069 -22.9669 40 4
-808.991 -96.6118 -13.8083 37 4
-745.522 -129.788 -418.401 53.6597 0
1051.35 -705.37 -3.90247 39 4
-817.291 -367.898 -8.9444 45 4
118.316 -479.87 5.8704 40 4
-645.751 581.652 2.73947 37 4
447.485 57.1921 5.54092 35 4
197.39 530.416 6.51806 48 4
239.892 521.331 3.99447 17.9332 0
177.111 -126.054 -10.1362 39 4
-668.922 253.341 -16.0595 48 4
-625.591 164.117 -552.721 61.2131 0
-503.103 690.728 7.79403 47 4
-34.8953 290.085 -6.96328 45 4
-473.072 710.9 14.3699 34 4
-254.513 903.899 -5.72582 42 4
276.049 124.234 -8.60366 41 4
361.812 -1542.59 3.10089 31 4
-240.172 -1687.59 -5.39545 30 4
-60.8949 733.644 -2.11083 32 4
544.005 -1256.13 -1.01936 30 4
-1101.74 -62.6003 7.91374 36 4
294.044 -376.189 -2.59982 36 4
123.944 123.53 -3.2907 47 4
-1242.24 -205.593 -0.109483 35 4
-523.883 -204.757 3.47976 31 4
-523.203 -248.592 -266.09 35.7524 0
-122.803 1058.8 17.7196 45 4
-320.248 -403.611 24.5757 30 4
-69.3883 -587.458 2.1532 38 4
762.78 -758.82 10.0802 39 4
1043.82 1645.68 263.467 68.0157 0
249.71 165.99 -8.9471 34 4
88.1575 -1117.8 2.97832 48 4
-360.15 287.902 10.7588 48 4
508.066 -391.87 2.73609 44 4
-330.024 778.718 -8.35588 35 4
-369.802 753.094 401.02 85.7942 0
-281.181 -1498.96 12.9941 38 4
-928.433 -205.667 1.79429 31 4
-926.053 -206.33 -35.5506 50.7648 0
394.276 333.225 2.18416 46 4
-126.125 876.756 0.8883 37 4
-136.602 -864.714 -8.88844 48 4
-61.447 -66.564 0.894307 36 4
-113.267 -110.559 -2.14794 46 4
1208.95 -168.555 -0.621935 38 4
-1394.28 482.089 11.2623 45 4
279.875 -712.683 0.582048 33 4
-1061.26 64.0342 -8.84825 34 4
84.3813 -493.349 -1.66552 37 4
195.63 -500.162 4.35561 36 4
-700.977 -983.088 -16.1467 47 4
-217.471 -773.022 1.17941 38 4
210.965 -49.0537 14.8651 39 4
275.73 1038.78 3.68514 47 4
162.843 -348.255 4.78529 44 4
219.035 779.009 -0.126485 37 4
-205.83 -171.014 1.42845 37 4
660.876 -881.99 -14.2549 41 4
671.738 -1074.18 3.52211 38 4
-838.792 158.437 3.01388 32 4
-932.436 -181.986 3.66707 41 4
-948.414 -214.195 -227.814 75.099 0
-1258.39 -388.261 24.5103 39 4
-434.513 180.535 7.06298 33 4
12.5013 78.7432 -5.68566 37 4
-452.345 23.8386 19.447 37 4
-450.685 46.6819 237.755 86.3659 0
89.2032 -814.788 -3.71139 32 4
284.593 -1406.83 -0.434975 43 4
-758.237 111 -10.3528 34 4
302.365 -967.948 7.38415 32 4
-25.8593 625.688 9.41242 44 4
880.402 1865.08 97.0359 12.823 0
1005.04 -761.392 -3.00725 30 4
286.459 -1399.61 8.8295 31 4
457.38 188.531 -4.77708 34 4
-340.201 761.756 16.2534 48 4
-98.7903 -27.1404 0.4696 47 4
-1291.19 770.496 11.404 42 4
283.812 130.082 -7.97353 43 4
330.863 573.325 13.0113 42 4
-438.727 -1138.85 -6.11261 46 4
514.363 343.131 -16.7637 31 4
869.786 54.3081 7.07962 48 4
-303.241 -859.557 -11.9491 44 4
183.024 -1212.7 1.94703 31 4
-843.092 -776.172 1.27252 49 4
-898.291 -672.552 50.4299 72.608 0
-579.286 343.843 -8.07809 41 4
358.411 645.849 -7.70433 37 4
-162.218 499.843 0.324926 37 4
-509.08 -484.35 9.43699 40 4
-542.818 -493.949 353.859 56.2266 0
-1219.69 -356.592 10.7704 48 4
319.172 -218.916 -16.048 37 4
-522.131 -282.263 3.80186 43 4
-1259.92 259.81 6.15685 32 4
-394.452 -442.222 10.5514 38 4
-418.745 -449.171 -17.4619 86.9265 0
42.3783 -1511.42 -12.6098 38 4
-386.584 775.367 13.0901 39 4
-993.466 7.40332 -0.592788 45 4
760.948 -1021.08 -15.5348 40 4
909.219 -1069.31 5.07358 45 4
962.684 -156.222 1.16816 42 4
238.641 410.988 7.83936 34 4
804.444 -1157.85 18.4536 39 4
-1147.03 -465.265 12.8602 34 4
-412.956 316.459 -4.52946 35 4
425.012 258.265 -10.5744 36 4
-732.787 -550.659 -17.5844 33 4
-518.71 -1233.79 -16.5561 44 4
367.582 -641.682 -7.50813 48 4
-1704.69 -350.791 -14.8673 38 4
933.571 -148.466 18.3193 36 4
8.64209 -152.828 10.3365 45 4
-196.46 -446.398 5.6923 31 4
-139.109 -451.451 577.75 46.2302 0
412.261 -29.156 -5.5075 47 4
421.161 378.037 -1.67029 31 4
-515.901 -655.519 -14.8728 32 4
-320.309 -1470.64 -5.47924 38 4
-480.5 -476.289 -5.12046 34 4
-624.77 -921.7 7.9754 31 4
-109.488 911.06 -1.18474 45 4
315.419 -880.654 -0.971415 45 4
-1354.12 -98.0686 -18.9051 30 4
302.044 -425.051 4.02718 45 4
-1385.63 -435.628 1.58332 30 4
-1356.32 -431.578 -301.826 69.8457 0
-1267.34 -596.04 5.92266 32 4
68.2871 -700.376 -6.73389 33 4
-713.165 257.007 2.29655 38 4
-719.159 209.234 -129.718 44.2641 0
232.602 -371.356 6.77587 33 4
-977.134 -466.454 8.84199 41 4
142.006 211.406 -9.94642 41 4
-163.617 -533.656 -4.81542 48 4
-168.296 -528.18 40.6839 59.022 0
-975.392 -833.704 -10.3923 33 4
471.524 165.97 -1.00628 37 4
147.208 -707.551 -7.26851 30 4
134.558 -664.817 -670.95 107.578 0
1085.18 -940.977 4.93546 49 4
113.122 -476.509 11.7871 43 4
-866.107 8.32446 -6.84002 36 4
-861.063 83.8545 252.105 68.2 0
-579.971 -380.929 8.06302 32 4
-503.875 -1418.17 -9.58364 37 4
615.44 -1041.07 -9.89957 34 4
-199.229 -1266.37 17.7598 41 4
-300.458 677.459 5.55056 36 4
-1133.83 579.662 -6.3185 41 4
141.039 730.034 0.653332 34 4
-411.93 1251.44 -8.74556 33 4
-701.544 -1112.97 16.1672 34 4
369.729 -1287.17 -17.9435 37 4
-695.371 -63.0728 -7.8351 33 4
-731.368 -137.743 -466.264 93.2753 0
261.191 83.7188 -13.963 39 4
-876.742 -422.621 -14.5335 38 4
-821.375 -392.173 -216.446 14.9949 0
-438.28 -1222.56 -13.4121 41 4
-700.703 -359.219 1.16715 46 4
96.4343 -1333.56 14.2081 30 4
-150.997 748.302 -20.1228 36 4
-255.342 -526.011 -7.11352 46 4
-190.868 -493.869 -376.176 87.7342 0
-202.304 -287.089 7.27426 32 4
-165.826 -277.76 -295.896 4.51745 0
226.169 657.308 18.4274 31 4
-229.198 1384.81 -5.96109 46 4
-1247.58 -171.272 0.694645 48 4
-359.223 293.281 -5.70191 34 4
93.5031 -779.051 -11.248 49 4
699.442 -707.738 -5.79252 46 4
-192.196 154.764 4.23368 49 4
93.7773 781.615 -6.50824 37 4
-307.151 -151.969 17.5529 46 4
-1150.79 -962.701 -2.21977 49 4
-214.087 733.859 -0.405478 42 4
-486.112 -60.3247 16.9536 44 4
-426.787 -114.892 167.546 82.2186 0
-514.938 -514.002 -2.60095 31 4
-514.224 -429.806 281.085 44.037 0
299.736 47.3196 -0.113714 41 4
-1218.71 -351.699 4.76563 49 4
626.72 -807.648 -0.356646 34 4
-263.577 1346.31 7.34909 47 4
-424.953 262.099 1.30628 32 4
784.526 -709.913 1.33814 39 4
-516.884 -491.676 -12.7982 42 4
-1587.31 122.344 -3.98582 37 4
-119.037 5.75464 -6.18686 38 4
319.492 54.2847 -8.21259 46 4
485.617 786.368 -12.2093 38 4
-210.509 -478.893 5.57081 38 4
-222.804 -474.328 -192.368 69.4423 0
118.323 -1274.29 -0.512589 37 4
-79.7795 409.065 -5.49402 34 4
-407.513 -1112.81 -11.2431 39 4
-48.0315 -797.542 9.68784 35 4
-402.227 -179.627 -6.92029 42 4
218.057 -592.21 -5.01956 33 4
550.388 -1204.25 1.0467 36 4
268.94 20.8975 10.323 30 4
417.257 -813.726 -1.24808 43 4
377.736 731.294 -5.17273 41 4
562.615 738.203 15.9614 30 4
-851.287 -131.889 9.8383 40 4
-1225.2 -533.943 5.01176 40 4
42.8398 1037.46 13.811 49 4
233.584 783.6 -6.02022 48 4
243.389 962.368 -6.07378 39 4
-129.99 1005.66 -4.59307 41 4
-246.687 -548.819 8.06744 43 4
-90.1833 294.264 0.200032 33 4
198.863 -119.953 -14.6458 44 4
289.271 -155.985 -9.26871 34 4
686.127 1581.48 9.79662 49 4
-1087.43 -317.74 2.82879 34 4
679.937 305.48 -9.68017 48 4
296.57 821.089 4.01608 30 4
425.231 645.716 -4.82341 46 4
-365.541 -234.461 3.59342 47 4
-211.032 1114.75 7.47239 38 4
-649.844 -623.79 -1.72534 34 4
-669.293 -679.456 258.572 58.1708 0
945.958 -0.677734 5.09327 35 4
337.066 -63.3132 4.08019 39 4
647.583 -123.867 1.83142 33 4
-220.914 360.509 -12.2262 39 4
979.649 128.025 -8.62175 48 4
-88.1147 -1231.47 -4.84473 30 4
132.21 -673.133 -0.328521 31 4
28.1233 816.547 -8.23722 43 4
195.619 -782.034 4.26041 49 4
-275.983 -1667.82 -17.95 44 4
1041.09 -394.411 9.56546 37 4
-477.869 325.357 16.5122 32 4
-845.49 -473.541 0.0794753 36 4
-882.597 -432.596 -22.8941 54.0978 0
-870.676 -1021.2 -3.39827 39 4
-33.6444 676.14 0.96548 34 4
606.371 64.7654 5.04151 35 4
-431.671 308.874 -11.9722 49 4
581.248 -1158.32 24.6224 44 4
-492.044 437.413 -5.49622 38 4
1309.35 2179.93 12.022 34 4
998.917 -984.562 6.99773 39 4
206.366 -1121.7 -17.1358 32 4
124.225 -1225.04 -5.21438 30 4
913.029 1634.12 120.884 68.9751 0
-236.212 688.998 17.133 30 4
-231.831 497.317 -17.3321 36 4
-762.719 74.1655 6.18486 49 4
-743.701 80.7012 62.4186 76.3453 0
-866.022 165.659 2.96211 31 4
-838.369 179.302 -341.858 64.2271 0
16.1151 76.0828 -1.57567 45 4
31.1898 -574.727 13.0644 46 4
307.594 -718.297 14.3719 39 4
-1631.82 -348.359 6.0699 41 4
-540.374 398.622 2.38102 32 4
-806.952 254.588 -10.0331 40 4
-842.414 175.598 -114.77 47.3896 0
-1021.45 -406.899 10.7053 37 4
-4.72119 -1273.16 -4.68343 33 4
-1180.64 697.37 -4.76896 30 4
-430.365 -1245.84 3.8747 37 4
-1256.06 -327.792 -21.6868 47 4
735.953 289.448 1.11256 44 4
-448.621 1070.38 -4.19393 48 4
-447.529 1075.35 57.0422 76.1981 0
-167.538 757.404 17.5216 41 4
-366.826 165.065 -3.21736 43 4
496.739 -463.686 17.6197 30 4
483.797 -160.774 -1.6068 47 4
766.576 -954.208 -14.1132 32 4
-409.493 -155.885 -0.157888 35 4
-361.552 -169.544 586.916 81.0307 0
-349.935 49.9089 5.00447 32 4
-357.261 37.1497 -501.204 90.1202 0
-340.46 -1403.52 -5.65463 43 4
164.633 427.187 9.10288 41 4
788.54 -645.549 -8.60464 32 4
6.026 -233.927 0.118987 48 4
837.782 1580.74 -279.963 76.7506 0
-607.988 737.083 -7.42839 30 4
-480.619 505.162 -9.87244 46 4
-373.385 -302.384 -9.64137 48 4
-1098.31 -434.665 -13.5426 30 4
765.67 1588.8 -5.99651 33 4
810.805 -819.377 5.91913 47 4
108.875 486.541 5.02787 31 4
604.102 -1331.7 10.7868 40 4
-279.834 -542.529 10.0454 36 4
-262.562 -481.983 -117.54 59.7392 0
-58.6254 -145.585 -18.7175 33 4
-640.994 -640.586 9.46657 43 4
179.895 255.852 -1.08141 30 4
730.574 -1248.1 8.37498 35 4
-184.295 -714.976 0.431618 30 4
355.081 357.307 -0.417089 33 4
13.8289 -120.323 11.0585 36 4
-420.969 263.469 -12.683 30 4
14.309 733.623 8.20429 30 4
185.63 441.051 0.700858 42 4
76.6479 -1128.27 -4.5611 48 4
378.825 569.249 -17.175 33 4
-1350.68 -826.647 -17.678 35 4
764.343 -22.2131 6.21805 49 4
-473.016 383.868 2.19956 30 4
-264.484 -470.541 2.03915 49 4
-260.791 -465.443 -16.2362 60.8892 0
-154.884 321.496 11.0926 46 4
431.009 -891.294 1.4045 44 4
-55.9875 537.127 14.4313 42 4
-90.8093 918.365 -17.0971 37 4
-644.066 -244.362 7.28466 46 4
-505.065 -307.824 -210.366 105.922 0
195.444 1270.08 3.71697 40 4
-585.996 809.456 12.2062 37 4
-629.89 777.465 178.551 79.544 0
-254.869 457.59 16.2139 35 4
-917.406 104.607 0.633537 31 4
-1000.85 316.94 -5.59939 49 4
-154.425 -575.023 -11.5886 30 4
-230.401 -507.144 -185.533 79.8768 0
-1155.84 427.875 -14.3381 40 4
-132.363 698.294 21.5568 43 4
574.23 37.6113 -7.28721 40 4
66.6082 135.42 0.410687 46 4
-585.15 475.42 -2.16399 38 4
837.105 162.214 3.15505 45 4
-116.773 -885.562 -16.0072 46 4
-765.807 -994.764 -8.72343 43 4
-65.7888 -654.702 -16.4378 46 4
-895.579 -520.539 19.8273 42 4
-198.384 -1207 7.12956 41 4
-274.621 273.551 -7.54316 38 4
76.1833 457.528 6.69753 34 4
80.4172 889.427 12.9709 33 4
-820.638 269.86 -2.9857 48 4
-866.365 183.863 -191.896 71.8678 0
297.327 -69.1863 17.2995 38 4
-255.243 -288.059 -7.41907 38 4
-190.523 -131.739 -4.29345 39 4
828.833 -454.165 6.4372 38 4
-236.937 -1068.14 -18.5783 49 4
-1106.41 -511.682 11.6765 35 4
19.0878 -1168.13 -0.648358 45 4
-734.964 -134.142 -0.755583 34 4
-694.154 -108.031 240.77 57.8824 0
-297.514 -433.087 5.09807 42 4
-245.421 -471.88 247.266 44.1279 0
69.7117 -96.2876 0.481205 33 4
-465.134 680.75 -6.59953 44 4
-461.671 976.879 -5.97096 41 4
-427.901 1036.47 208.255 55.956 0
-592.358 632.234 -5.93499 38 4
160.61 623.837 -11.5906 37 4
138.109 545.232 469.943 60.5858 0
-928.565 -554.666 13.0614 33 4
-852.278 -465.254 -103.578 28.6823 0
-1051.68 -642.042 3.36053 38 4
-563.342 676.181 10.8787 48 4
-134.881 301.649 -5.29379 46 4
587.153 -297.775 0.962754 40 4
-270.564 193.854 -16.4783 44 4
-548.014 -98.7798 -7.48104 46 4
-607.529 -107.227 -26.9077 77.4423 0
-1298.28 -678.668 28.4842 36 4
-212.35 47.0532 10.7366 33 4
-914.418 -260.382 -0.0931253 31 4
-875.045 -272.684 475.832 54.8683 0
-443.215 411.591 3.59228 44 4
711.483 -624.116 -7.96144 45 4
445.033 -256.279 -0.717592 43 4
-283.553 131.068 18.5549 32 4
728.018 315.033 24.6053 49 4
-105.533 -418.708 -12.0924 46 4
-64.4991 -458.352 40.7818 24.2531 0
179.041 -656.656 24.1786 30 4
257.014 -143.506 -7.58876 37 4
-1097.29 346.575 -13.6739 47 4
-501.511 -231.286 2.05343 32 4
-474.134 -251.162 -61.4788 35.8727 0
418.762 -1154.3 -4.31823 38 4
-928.245 -330.581 -5.81405 46 4
-941.521 -296.487 356.665 54.4493 0
-784.156 -463.406 -9.40466 37 4
-732.625 -454.742 3.21313 94.4372 0
-254.496 116.486 -5.87227 33 4
-128.118 -975.635 -3.93406 30 4
123.949 130.722 0.588127 30 4
-33.6921 -142.147 0.641528 48 4
-98.4379 -61.1082 12.0625 37 4
523.398 783.408 9.38293 41 4
-719.653 836.027 1.1007 37 4
-993.281 596.186 -2.52807 44 4
-155.943 90.4431 -8.3426 44 4
-116.704 -413.234 5.50057 45 4
-154.127 -434.282 -352.346 76.2335 0
-164.629 -1667.52 7.36689 34 4
-27.1678 -1131.14 -6.16115 32 4
196.89 -123.092 3.3274 48 4
-305.052 106.87 -7.86735 49 4
446.318 221.397 13.8376 40 4
-894.661 429.338 16.0656 34 4
-885.595 451.649 -186.816 49.4834 0
234.007 1090.19 1.21059 44 4
-938.426 -57.8049 5.91416 42 4
-919.774 58.3035 134.582 91.6633 0
169.906 430.375 -0.281513 48 4
-446.792 -854.446 0.936596 39 4
-483.894 -839.085 -661.446 54.3134 0
173.032 864.777 9.61037 47 4
-379.415 704.22 -7.31017 42 4
85.6788 -495.824 37.7975 30 4
-46.7112 689.864 -5.95523 43 4
-536.862 -366.997 -0.428855 34 4
-497.523 -322.757 305.013 66.2051 0
-756.156 243.481 1.73685 30 4
722.039 75.7788 7.04792 32 4
-561.041 -978.946 -6.78169 36 4
-208.785 -11.657 -11.2111 30 4
514.153 438.806 0.802461 41 4
252.805 -387.444 0.562716 44 4
-33.1874 -434.277 0.767236 45 4
-742.022 111.678 -1.57817 33 4
-582.502 -16.2554 731.09 64.7062 0
174.341 -1501.32 -4.07533 36 4
120.981 11.1201 3.83544 43 4
95.761 -1308.74 8.04096 32 4
-1770.38 -1104.06 -17.7501 47 4
-1711.42 -1078.66 140.547 66.5556 0
82.8762 1264.81 14.3574 30 4
248.713 -466.873 0.0110437 47 4
-231.457 -222.484 15.5219 34 4
-860.285 265.711 5.7694 38 4
-888.092 387.869 -342.158 40.5376 0
-260.419 -637.071 -10.1973 31 4
-366.516 205.992 -16.1919 48 4
-520.597 912.079 -10.6912 36 4
-415.785 835.75 -229.421 57.2707 0
-94.8234 -5.3562 7.77101 42 4
569.856 -277.829 -5.21769 39 4
-939.525 -958.853 12.3925 32 4
1028.59 -902.866 5.16521 36 4
203.602 -872.35 -1.69123 43 4
71.8246 -346.551 8.30848 42 4
-389.191 1402.16 0.990247 37 4
768.563 -506.316 2.12226 40 4
-634.878 1605.41 -13.3537 34 4
-675.864 1503.72 271.978 41.2531 0
-85.5215 -1417.83 -3.70543 30 4
45.1492 -408.049 -6.68231 45 4
-406.33 -1517.85 -4.82825 38 4
177.537 -455.515 -10.9044 30 4
183.131 744.605 -3.09115 40 4
-486.336 -1420.06 12.0394 37 4
49.95 613.548 1.06282 30 4
-1066.6 -713.711 9.27193 31 4
714.054 -1295.8 3.30717 43 4
-689.341 -610.825 5.57301 37 4
-910.081 -1018.61 -0.679864 34 4
110.12 -558.969 -23.4484 49 4
978.18 -485.942 5.48539 30 4
108.287 -77.9185 2.99817 37 4
-236.35 162.005 -22.1023 38 4
486.033 -417.862 -2.08047 43 4
-1413.54 -1239.95 11.3388 46 4
398.656 -245.094 9.18122 34 4
-392.589 -177.79 3.2602 43 4
195.05 215.291 4.08793 39 4
937.427 -910.849 11.8066 33 4
-143.995 1240.96 -8.39032 41 4
-0.0179443 -1339.24 -0.127519 44 4
-1033.24 276.425 -0.495812 34 4
117.937 -306.486 9.56856 43 4
601.282 -215.764 14.685 42 4
-10.9552 1582.56 -6.26476 39 4
-118.856 412.045 -0.228656 35 4
-433.912 -1223.02 4.85371 30 4
-162.238 -17.1213 -9.42308 41 4
2.62561 -49.0894 -2.48883 31 4
-801.321 506.926 12.4047 30 4
73.3391 -1006.55 -1.75387 48 4
-660.379 -699.398 -2.4821 31 4
-508.583 1053.21 -8.91587 42 4
-468.253 986.619 447.902 79.0051 0
682.81 318.709 13.8837 38 4
90.9631 -776.863 -13.5778 38 4
206.82 -1117.7 10.0965 34 4
-393.536 590.861 9.52672 39 4
-381.081 586.339 556.04 52.9369 0
136.673 1053.39 -6.46984 31 4
-339.917 94.781 1.51788 41 4
690.136 330.694 9.95265 36 4
16.3085 -909.165 -8.55771 42 4
-769.495 -12.6631 -7.00599 33 4
-763.141 -78.2471 -109.239 55.6669 0
36.8834 -580.2 13.5842 35 4
-333.644 -984.052 -2.16816 31 4
-49.8883 660.803 18.6223 46 4
-572.044 310.847 -3.83766 43 4
75.8761 1211.5 12.1148 35 4
798.775 104.06 -9.48381 39 4
421.395 -204.65 -3.58486 44 4
-201.434 -197.288 -7.22361 30 4
-362.573 -99.1299 6.84989 42 4
-349.327 -46.2598 -129.564 71.9356 0
-239.913 129.29 2.33507 38 4
-257.233 -1520.93 18.5112 34 4
-221.084 1290.09 6.46634 35 4
-749.015 944.182 -11.2389 31 4
-610.012 -918.804 -9.49458 43 4
-482.444 -54.5276 5.9363 32 4
-479.696 -78.2039 -39.1148 78.9052 0
-5.92859 -146.437 -7.38358 43 4
-1080.22 229.86 -4.53374 46 4
-43.0125 -446.388 -0.920769 33 4
-59.0819 -442.097 -448.356 9.65724 0
-751.179 -417.88 4.84373 35 4
-794.456 -402.236 37.6829 62.0721 0
270.005 175.579 11.2822 45 4
-525.296 228.184 -6.37953 47 4
-118.655 340.126 15.4235 47 4
-215.881 -584.337 -11.1374 33 4
-340.039 -568.655 58.072 67.7212 0
159.633 -116.591 -7.45937 35 4
-333.399 622.165 -8.86998 31 4
-240.921 0.529541 -2.95595 35 4
-280.294 -973.98 -9.39709 49 4
-222.899 -1653.77 16.4195 34 4
-62.5226 -23.9702 3.97404 33 4
270.99 336.616 -4.31386 41 4
-1080.24 -677.299 -16.7457 37 4
-16.5135 -1087.34 -0.970745 38 4
-67.5698 -1381.62 17.0844 34 4
-497.496 389.307 -14.7421 46 4
133.6 506.247 -9.68843 43 4
981.302 -1052.65 -8.84791 40 4
-100.603 543.237 4.70361 47 4
-1169.71 -862.477 -8.56545 37 4
284.4 559.927 5.90372 40 4
-669.596 984.386 13.4495 40 4
-141.663 -489.63 16.9267 46 4
-120.701 -491.403 -294.161 82.5446 0
-291.405 -747.524 -8.89572 37 4
292.179 -1004 -11.8636 37 4
-1279.4 -572.834 -7.53318 39 4
245.353 -843.925 12.1917 42 4
-638.256 843.76 -1.73699 32 4
-728.587 802.525 -41.1119 70.8595 0
-200.65 -177.624 -1.15093 44 4
352.433 305.234 -4.8835 39 4
-498.526 1113.81 -0.166494 47 4
152.373 547.393 -9.45778 49 4
-904.504 -356.69 21.8873 34 4
-1214.81 208.618 -0.909274 44 4
-476.39 -569.89 15.7184 38 4
-572.906 -581.296 264.796 34.7755 0
209.239 -72.8416 -4.49355 37 4
-458.85 -336.916 15.8432 42 4
-366.143 -270.096 94.9887 61.7196 0
937.885 -1013.46 0.809642 31 4
-350.321 -1113.79 3.13325 42 4
-357.548 1127.79 13.0474 41 4
-907.528 -667.408 -13.6868 35 4
-893.998 -81.8889 8.11126 45 4
108.026 440.524 3.37287 44 4
327.197 -1279.38 -5.86244 34 4
-922.577 -1113.2 -10.9996 45 4
-458.872 192.328 -2.08731 49 4
1215.99 -10.3704 4.38527 30 4
-268.24 291.947 -22.7845 38 4
-253.552 -1096.49 12.7024 39 4
277.886 15.3079 -7.71779 48 4
338.282 -133.35 -4.62126 38 4
-543.3 -218.1 1.53162 41 4
-490.463 -214.487 417.983 50.5323 0
652.202 -799.706 3.15689 30 4
37.0656 -663.147 -1.02678 34 4
219.496 -996.782 10.0505 48 4
282.579 -925.582 -7.03015 37 4
-162.54 -1440.59 8.93315 35 4
-961.727 -810.62 -4.6376 41 4
1181.84 -527.479 3.75221 39 4
78.2389 -210.515 -5.26312 49 4
165.123 1053.33 5.49945 42 4
440.385 -179.615 -0.46162 37 4
-411.18 85.9983 14.4669 40 4
716.786 -906.904 -3.87635 46 4
402.901 448.604 4.8372 31 4
-314.674 181.38 -3.44546 48 4
-181.41 88.6536 -7.51244 33 4
-939.635 -720.883 -13.9543 35 4
-4.87671 -259.012 37.8598 49 4
227.693 612.926 -9.06838 38 4
-689.78 -934.534 -4.53353 46 4
-623.846 -369.631 2.01741 34 4
-625.977 -313.912 402.723 71.1674 0
560.329 260.531 -7.3474 45 4
-611.731 353.415 23.843 33 4
-641.016 361.491 -26.0982 78.6016 0
297.893 -1481.96 -7.48475 30 4
860.918 -579.489 -20.758 33 4
336.609 -827.365 -11.015 32 4
-294.887 -45.6191 18.2219 31 4
-294.015 -18.9087 -161.382 57.2961 0
-249.995 699.342 -1.40074 33 4
-51.4097 1057.37 2.49075 33 4
381.059 96.1614 -9.06166 49 4
-925.911 176.906 10.9894 41 4
-858.135 174.411 606.476 90.0554 0
-726.703 80.9932 1.81925 36 4
-646.137 78.0806 236.789 32.2599 0
-705.401 -822.554 -4.14653 49 4
-291.901 405.683 14.3655 37 4
264.39 -1184.71 -3.50142 35 4
232.358 29.4736 2.88495 48 4
457.432 -1227.47 20.2488 42 4
-403.672 -1405.87 -6.25466 38 4
-582.414 -594.443 -12.2106 38 4
-142.526 693.216 17.3832 33 4
298.285 136.576 -4.34161 30 4
516.753 241.012 -8.44898 37 4
-553.496 174.454 -17.8763 43 4
-644.638 801.517 5.8511 38 4
-1189.83 28.3118 -3.5357 30 4
219.306 468.369 -9.97923 33 4
-240.085 60.1445 6.90475 33 4
-294.728 207.909 248.526 20.5559 0
-740.592 370.529 10.9764 36 4
176.696 727.274 4.72311 32 4
-155.789 -1550.91 -0.187049 41 4
1255.2 -446.95 -2.09574 44 4
492.204 -645.312 -0.169322 48 4
-6.79614 -1179.59 -3.65081 49 4
-1584.95 -779.5 -5.63167 47 4
559.669 -394.039 16.4303 49 4
97.8668 -333.448 -0.144584 32 4
213.516 -689.096 -0.177426 49 4
-1149.76 -105.978 6.6074 42 4
378.766 -189.207 1.38649 47 4
-258.675 971.604 -19.5775 44 4
-1047.08 -317.629 -7.50379 41 4
471.325 733.138 7.71383 39 4
85.1288 424.833 15.1964 31 4
-381.605 1264.25 22.9392 32 4
293.813 -653.374 2.44927 46 4
147.775 614.355 -4.87005 48 4
-46.9639 136.35 7.33697 42 4
138.363 216.077 11.329 31 4
-520.906 -376.739 10.9926 48 4
-455.109 823.904 -15.0788 42 4
-536.015 837.563 292.575 68.5693 0
531.687 -674.598 -4.87852 34 4
-464.152 -387.536 -7.93809 40 4
-1002.31 223.226 6.00731 49 4
21.6616 783.724 4.85105 40 4
-867.474 653.468 -2.96829 48 4
-831.759 617.898 -394.253 58.4949 0
-1368.46 -851.337 6.33212 42 4
-241.498 -794.395 2.63234 35 4
-593.27 -1210.67 15.6877 43 4
852.666 -435.506 12.1197 40 4
-769.047 -35.7732 22.1998 38 4
-684.931 -15.5364 -44.6564 68.1971 0
630.243 -677.713 10.6288 35 4
709.617 -504.21 8.59755 34 4
33.3925 566.393 13.3756 48 4
-600.323 532.458 4.83751 46 4
831.712 -412.471 2.94962 32 4
-212.791 -287.197 -3.39175 39 4
-278.759 -335.373 -374.854 58.7547 0
-1074.57 79.0583 3.38587 40 4
-93.5675 -257.37 -9.51774 43 4
46.7565 -904.009 15.21 31 4
802.471 -1.07739 -4.05494 37 4
-1290.76 114.869 -13.4271 30 4
19.9219 -801.187 8.57165 34 4
-221.678 -1311.99 -6.28759 46 4
497.651 -1377.92 1.712 43 4
-249.021 1270.91 -8.48301 48 4
-1415.01 -388.833 -0.348458 43 4
-1425.79 -522.546 385.473 59.5727 0
-125.334 -442.737 -11.6805 41 4
-142.538 -355.582 -76.7833 22.8166 0
-673.443 1092.86 -1.02545 41 4
-1543.77 -367.91 -19.6019 36 4
261.069 -1039.06 -2.26797 31 4
-591.687 -67.8376 -12.2191 33 4
-683.319 -139.178 -21.3691 67.2789 0
404.338 -1023.55 28.1276 32 4
-502.814 451.65 -3.46601 41 4
351.652 994.136 3.51383 45 4
318.941 -16.3149 10.1779 34 4
-799.536 -1110.72 25.0321 31 4
1505.88 1756.79 11.1162 37 4
1473.94 1666.96 -584.125 56.8945 0
250.412 710.483 13.4412 40 4
446.238 -1404.89 -9.36788 44 4
-867.274 389.539 -17.2473 47 4
-18.0331 546.24 -3.67544 40 4
72.1431 611.303 -183.526 56.2994 0
560.333 -1116.72 0.448069 41 4
-131.365 257.593 -22.0246 43 4
-723.137 -87.3647 -0.689862 38 4
-741.169 -84.9202 436.368 58.0128 0
197.469 -572.598 7.21738 49 4
-902.583 670.799 9.22197 45 4
-324.946 675.244 21.3709 48 4
-325.792 -1494.57 7.63788 39 4
-292.155 331.406 -0.387035 31 4
-894.732 327.507 -7.77792 49 4
-833.73 246.499 27.3582 97.2162 0
297.385 -194.974 6.2637 47 4
-304.004 98.6833 8.83034 43 4
447.433 153.202 -8.99643 46 4
-1447.12 215.582 2.31536 35 4
-189.88 -432.897 4.39364 36 4
-136.707 -428.688 -39.7623 84.6112 0
192.595 -436.133 -1.32012 44 4
68.6715 -47.156 5.25905 40 4
-624.265 -269.469 5.28085 47 4
-540.707 -218.856 139.428 59.589 0
245.017 -629.211 2.79794 35 4
-409.439 -203.451 -7.59112 46 4
741.068 -538.145 4.90496 40 4
1323.83 -337.397 17.9682 39 4
-197.557 -953.985 -15.3869 49 4
454.444 -1132.1 -17.183 43 4
-733.566 275.292 -4.68573 46 4
-47.2322 -194.945 -13.8143 33 4
-1047 599.832 3.88079 36 4
-592.351 -168.564 -0.430648 33 4
-565.035 -173.546 193.491 55.5793 0
-1399.08 896.924 18.3692 43 4
-33.2863 93.9858 -7.49183 42 4
139.627 -1184.83 -0.365463 42 4
-1166.71 226.159 -1.68753 33 4
538.089 386.542 7.75519 34 4
212.654 -868.406 -14.1957 35 4
466.466 -566.458 -3.57604 34 4
316.067 735.642 -9.61637 33 4
-229.874 -546.639 -5.21703 43 4
-212.285 -446.176 -169.266 80.0249 0
52.8962 -387.849 7.74532 44 4
-1219.5 -209.781 5.8676 35 4
94.8663 1043.44 6.4479 36 4
71.4285 -277.733 7.2468 35 4
438.64 -687.548 -9.25226 44 4
471.561 877.601 -14.7512 49 4
28.0933 769.551 -7.07387 31 4
-495.266 -1317.51 1.72401 49 4
-940.11 -47.6638 -5.23142 35 4
-77.0281 -200.517 -2.17855 46 4
-591.963 942.236 -1.00934 40 4
780.73 -354.473 1.32585 44 4
882.804 -17.5608 -4.55456 31 4
482.849 -672.321 5.75874 48 4
-1024.41 -700.15 -3.02851 34 4
232.56 -1036.15 -5.01079 32 4
-326.319 -772.469 -9.99632 39 4
-889.133 342.167 8.82725 39 4
-162.371 477 -12.1098 48 4
972.112 -750.525 3.98663 43 4
-592.618 -533.827 -18.7815 45 4
-494.215 -529.876 -143.932 62.6537 0
-598.396 -542.345 -8.92291 43 4
-667.732 -514.768 455.934 45.1993 0
-66.1819 877.064 16.5828 48 4
-810.832 -199.603 -9.47968 37 4
-102.605 -22.2471 -1.84851 35 4
188.607 843.503 -8.3816 44 4
411.778 -1229.87 13.8894 33 4
-1480.97 -132.028 1.9455 33 4
281.996 1092.78 7.71165 40 4
331.987 401.183 -1.17507 37 4
-54.7225 1104.08 -19.6968 38 4
27.425 1138.49 19.3081 34 4
-184.192 -85.8584 -8.02821 34 4
-385.131 123.341 -5.84429 44 4
571.839 298.491 5.12589 39 4
912.002 -73.9299 -7.88028 48 4
-1292.25 -775.116 0.780113 35 4
123.929 -1040.26 -4.41611 41 4
1.33484 -716.684 10.2838 47 4
31.9286 1032.01 20.9992 32 4
10.3595 154.047 5.84279 37 4
-749.103 1029.02 19.0692 49 4
-962.05 272.962 -8.92337 46 4
-1547.64 -123.886 -5.69155 30 4
818.054 175.807 0.509141 48 4
-1281.66 904.531 8.26816 42 4
-125.202 -594.621 -20.3181 33 4
-184.766 -512.442 -77.8846 71.5868 0
-1244.77 255.941 4.06545 49 4
-1493.14 370.307 -7.66885 31 4
-131.968 -256.757 -1.72246 31 4
379.093 747.923 -15.264 42 4
-1285.41 531.5 -7.14991 38 4
145.32 -58.095 1.82906 45 4
-504.546 -1303.01 10.4494 33 4
-185.22 -982.118 -0.39112 45 4
-606.768 -443.523 14.6462 42 4
-223.577 803.017 -3.24723 39 4
-39.1379 -1476.51 10.0333 49 4
-974.776 -650.028 1.40105 37 4
-1276.79 732.479 -0.380894 49 4
-445.428 15.5825 -1.80651 48 4
-138.16 -1350.24 -1.13281 45 4
-363.947 -1460.6 -13.8736 45 4
-1493.22 -22.3669 -5.55534 32 4
415.879 684.01 9.969 31 4
-279.134 96.6692 -0.867005 34 4
418.499 332.959 10.2934 42 4
108.802 -1162.81 0.864431 36 4
-352.156 -589.203 4.16017 37 4
-272.098 -632.518 306.84 58.4879 0
-913.416 140.358 4.59178 39 4
-929.184 70.4275 246.29 94.6178 0
-0.849976 -118.892 -2.30322 38 4
320.928 71.3906 8.96854 36 4
-232.792 541.88 17.128 31 4
-2.57385 442.11 -6.09951 46 4
-215.119 878.674 5.32611 37 4
157.397 13.6838 3.47788 41 4
608.228 1355.24 2.49603 30 4
532.848 1388.29 -356.569 46.6873 0
-369.369 -1338.06 2.00478 40 4
-32.2914 643.242 8.78295 40 4
8.6012 -11.6479 -3.48997 43 4
911.305 -1078.39 -0.458335 33 4
392.735 -664.085 9.03173 45 4
-559.029 375.336 -0.20077 31 4
-1013.61 -833.343 1.89811 40 4
-737.638 85.6362 -2.62731 40 4
-713.729 9.20996 -180.247 97.756 0
-119.081 541.715 -3.59939 39 4
-531.786 1040.58 29.9772 45 4
472.899 -1220.94 23.8973 49 4
-735.868 213.166 -13.3873 38 4
-698.536 220.11 -444.687 69.4554 0
-745.458 -902.024 -1.20004 32 4
-526.442 1067.54 -12.3499 40 4
-390.026 1121.93 279.291 46.0451 0
601.489 -1423.23 -1.96537 48 4
490.665 -636.328 -5.05141 40 4
-102.128 806.361 11.9857 35 4
-16.7534 905.504 -2.72899 30 4
72.1744 589.16 -3.6248 41 4
-298.268 592.281 -7.75428 31 4
-1644.43 -259.36 -7.77745 42 4
99.5626 1047.66 -0.26525 48 4
184.333 -1052.35 -18.2598 31 4
-0.208496 -1033.51 3.74465 43 4
297.372 554.38 -3.58554 48 4
-2.13184 133.741 2.14843 37 4
765.171 -735.335 13.3919 36 4
-17.4614 184.258 -6.37359 37 4
-519.035 565.193 1.88893 44 4
-265.137 -739.093 3.05643 47 4
845.311 -759.315 5.1766 37 4
567.532 -818.07 -7.48088 46 4
-791.788 730.767 -4.34603 30 4
-423.27 -837.706 9.82711 31 4
-1216.17 186.595 -2.51434 42 4
-587.046 763.59 12.4164 45 4
-1360.83 -602.358 -5.75239 44 4
-272.655 318.424 -3.33968 32 4
-841.196 -35.9429 9.31579 35 4
-150.69 490.541 1.45672 33 4
-1235.47 479.385 -1.26611 39 4
277.169 -939.138 1.81561 46 4
465.25 596.914 15.9084 33 4
3.22034 -1054.57 13.2203 42 4
177.757 -439.098 5.2137 48 4
-277.681 495.216 -4.69746 31 4
543.28 203.164 0.923462 32 4
85.1816 1154.02 -4.03095 45 4
73.9764 1306.38 -12.5704 43 4
-695.908 -572.947 -2.06852 35 4
357.782 576.929 5.54931 38 4
-2.52551 -242.609 -2.8267 47 4
19.7892 -243.433 -2.12046 33 4
217.719 -587.24 4.44856 39 4
-1189.64 -435.653 -11.8405 41 4
-1287.42 -438.616 107.729 52.7433 0
93.3462 115.635 -14.228 44 4
-241.917 -1078.57 4.35093 47 4
-334.196 -1392.96 -8.48992 47 4
-1093.52 151.046 -17.5339 31 4
285.136 -448.962 4.53246 33 4
-1047.33 -51.469 -1.25677 37 4
-199.508 -1554.67 -0.456183 30 4
109.036 -1409.1 11.5022 30 4
-557.537 542.502 -0.936282 37 4
-287.476 6.28296 0.0836916 43 4
-614.214 945.805 17.8424 42 4
411.994 -437.152 -0.0493177 44 4
-285.964 -1742.18 24.733 30 4
100.714 300.647 6.90692 36 4
-641.838 -182.96 -5.85502 41 4
-590.195 -95.6177 -0.0415594 78.0031 0
1307.92 1058.39 3.68676 33 4
-109.626 -264.05 -5.68942 46 4
-239.117 618.353 3.57755 37 4
-1074.18 -663.233 7.09678 37 4
-585.636 334.819 -10.5399 30 4
-1487.27 404.25 -2.9278 35 4
375.4 -1411.93 -15.4472 30 4
-816.785 136.796 18.4435 44 4
-869.366 140.18 501.482 61.4082 0
752.1 -743.708 -6.07228 42 4
570.199 321.945 10.5419 44 4
62.9005 796.529 -1.05473 49 4
-393.075 -280.081 -2.3295 30 4
198.073 -476.691 -5.05658 41 4
-265.26 -762.272 12.09 45 4
111.561 705.062 10.2992 40 4
518.864 -447.046 -11.693 44 4
516.352 -226.66 23.8417 31 4
-700.964 -1324.36 -7.20706 49 4
-506.194 155.355 -6.11674 34 4
-337.588 113.072 20.4578 44 4
121.222 -393.601 3.86614 32 4
