98.9668 -243.071 -63.8035 44.2325 4
-351.314 -408.534 -31.13 42.163 1
-81.8755 143.106 50.3159 116.354 4
190.925 -143.423 447.768 85.1875 4
213.261 54.9251 4.23164 57.9897 4
-91.324 52.7848 -123.74 97.6225 4
102.309 -325.777 216.88 76.325 4
6.80752 99.297 -351.721 66.0843 4
-175.319 -749.351 -198.113 56.9947 1
787.282 105.639 -416.99 81.2333 4
-14.5139 472.134 398.023 60.373 4
-171.516 -355.349 -239.481 68.5518 4
-197.344 256.047 146.58 64.469 4
-176.9 -215.082 -476.1 68.1696 4
319.057 -119.333 54.5188 41.4187 4
158.727 -217.674 -513.416 67.5615 4
-261.365 112.532 154.398 64.4354 4
268.846 499.375 172.758 86.1811 4
401 -207.928 -292.93 60.7518 4
-339.484 -182.143 145.268 72.8169 4
-340.895 783.884 -228.256 58.1199 4
-447.571 -457.079 -311.666 57.8184 1
-370.939 256.53 -286.14 88.9636 4
-2.22494 465.225 -218.568 72.1416 4
852.768 -38.6618 -241.604 48.8145 4
-376.561 -465.584 -81.0827 64.7007 4
699.243 -440.677 -475.129 38.3346 4
-60.3445 -168.706 588.315 78.1932 4
-507.41 256.421 213.752 32.7633 4
-122.121 -429.246 400.655 105.335 4
-531.254 -198.167 -40.7438 75.2902 4
279.931 -34.0102 294.934 43.3445 4
87.2597 231.803 -85.8942 34.9529 4
-300.703 -303.677 542.688 51.1323 4
-442.774 -170.186 -444.423 44.1338 4
-531.59 -319.602 -27.5113 45.7201 4
-179.366 -556.127 358.332 55.5909 4
-106.187 361.084 223.351 48.7541 4
160.856 -102.628 -323.049 14.4688 4
321.628 -410.555 128.72 49.0454 4
384.588 -224.595 4.37871 59.1307 4
443.549 118.472 -263.134 71.9308 4
-97.3861 542.224 402.967 51.8804 4
-52.7442 -475.254 340.794 45.9029 4
216.322 -110.111 129.58 72.3553 4
372.616 -15.5178 278.181 52.1297 4
-627.285 -135.963 148.788 62.2295 4
-50.021 14.3662 -391.183 80.4829 4
-219.026 324.011 -68.7498 54.445 4
109.932 -74.838 -149.708 89.6335 4
204.537 321.756 10.3801 5.39854 4
373.009 -26.3186 412.77 47.5858 4
-41.5739 -222.556 -402.018 -1.49045 4
-197.783 -164.99 141.597 48.0351 4
-69.2846 -443.22 262.022 59.2357 4
-172.11 135.948 183.739 57.9187 1
-145.401 -170.224 -1.97326 63.8271 4
-402.554 317.801 177.814 37.2824 4
38.0811 -61.343 300.57 38.6096 1
274.373 763.279 612.709 41.3005 4
297.128 -94.5808 -182.307 102.264 4
-89.5866 -200.458 219.713 71.1639 4
-284.331 144.941 -384.402 54.7437 4
337.045 666.12 282.778 72.9729 4
-64.3922 269.86 295.237 76.3792 1
213.608 48.2731 279.381 74.5211 4
-54.6755 153.826 93.2397 32.7158 4
153.794 522.035 70.0817 70.4009 4
-139.955 -138.372 -209.965 101.736 4
-400.006 -541.555 131.924 29.4879 4
24.0343 605.93 450.882 83.5626 4
-144.238 -279.422 -40.1593 42.7765 4
-78.2278 -72.5727 -104.469 82.4973 4
209.374 -321.176 459.499 46.4674 4
-303.887 616.923 -194.37 46.531 4
137.766 302.319 18.6272 75.3834 4
-471.997 133.498 453.721 60.7977 4
-90.5345 447.855 609.65 47.0991 1
291.562 -326.964 194.541 80.862 4
221.068 797.259 281.734 27.2189 4
61.7311 -267.022 568.152 51.535 4
-39.8906 -189.387 77.4007 43.3239 1
68.1987 -211.348 930.565 53.302 4
31.9376 -173.172 -218.336 66.5003 4
354.224 442.639 116.461 42.0433 4
392.702 337.558 -277.118 76.5406 4
-53.425 202.393 131.777 47.0066 4
314.25 -506.011 -21.6301 80.6483 4
-42.8698 385.464 131.467 44.9615 4
-282.071 331.863 505.427 44.3658 4
-278.075 590.837 -501.228 47.8224 4
-113.239 -549.947 -231.063 77.497 4
53.5876 7.15749 406.123 84.5269 4
-292.155 592.199 64.4034 53.3721 4
-284.657 -270.837 -285.617 61.6141 4
468.498 -451.495 129.096 57.7101 4
271.831 -138.378 300.132 37.335 4
194.347 378.737 196.967 80.7785 4
209.523 581.932 83.772 51.7019 4
183.813 -330.6 -221.309 52.8332 4
36.4181 189.112 -150.337 69.6453 4
214.033 -192.533 -89.5898 63.9387 4
101.365 -383.159 663.777 36.6706 4
376.024 292.385 -223.83 74.2932 4
-22.7998 326.188 94.655 64.4888 4
-470.435 92.3842 666.211 41.3025 4
30.5275 -218.781 208.107 35.7182 4
-544.938 -239.506 353.848 39.9127 1
-321.544 -307.238 -129.821 75.5249 4
-247.285 46.4651 -489.416 46.1246 4
-261.004 166.667 -628.31 57.8565 4
-1.66152 252.154 -173.91 74.5331 4
429.762 58.0703 -374.503 71.0234 1
241.982 83.8858 48.0135 55.2383 4
67.3663 -424.596 90.1121 25.321 4
147.413 -261.246 -123.948 32.4189 4
-9.2306 -457.194 671.943 87.6219 4
-131.259 104.755 484.414 98.8812 4
137.084 -546.071 -304.175 -6.97282 4
479.018 -252.494 459.824 50.4183 4
-0.72271 -442.25 323.11 84.4263 4
94.8205 52.5433 319.823 95.3407 4
-450.17 -122.991 84.6401 26 1
-105.967 242.074 -19.4276 70.6835 4
-309.286 17.0665 -276.584 48.8074 4
277.761 559.794 -36.8357 44.2339 4
444.542 -229.56 97.1184 71.1165 4
342.973 456.206 -334.541 67.3136 1
260.829 218.214 -64.1877 55.2284 4
673.307 -224.683 -67.8422 56.3118 4
-133.779 322.294 124.232 53.3508 4
-201.536 -270.803 95.7173 60.7261 4
-297.774 -358.488 -237.98 45.3803 4
-465.286 -461.476 -137.478 66.0832 4
-569.669 -303.783 492.017 42.4046 4
-102.579 316.975 264.857 73.3479 4
-37.1745 -145.347 -472.44 63.9712 4
7.37549 -29.3176 219.769 52.0493 4
559.317 -218.968 -48.3294 43.1793 4
12.4976 15.2369 130.372 21.3878 4
325.626 313.874 -110.966 50.2997 4
308.72 97.6328 179.198 47.7954 4
-53.4478 -525.642 113.203 36.6593 4
43.3381 -160.286 -343.837 43.6741 1
-81.7145 119.853 127.761 49.9677 4
-338.077 -259.597 198.972 58.1014 4
352.588 -112.756 -61.0427 42.3059 4
214.625 281.25 437.956 38.1897 4
11.4852 -145.762 -355.56 90.6504 4
119.791 85.9928 65.6114 90.3984 4
403.646 265.898 -444.327 59.4065 4
396.373 410.795 -286.382 99.5332 4
429.059 351.54 103.669 50.1738 4
-189.465 44.248 26.4325 33.4398 4
30.6177 -308.767 32.2553 43.6826 1
561.623 145.836 300.822 88.0074 4
-264.505 9.14872 911.233 65.8855 4
-153.58 -33.4892 -358.842 67.9076 4
-271.87 -111.403 -540.641 39.0318 4
-378.984 7.8643 122.268 57.2518 4
35.4558 -291.859 520.731 64.946 4
129.897 369.535 -213.257 56.475 4
-252.717 -271.516 -180.536 72.0786 4
-207.728 221.571 -206.975 52.179 4
-84.1545 362.118 -323.291 69.4697 4
273.757 -393.924 23.3308 29.8856 4
158.735 98.2707 -533.881 44.3134 4
-202.489 134.346 -82.3848 26.2241 4
136.901 -162.367 -213.293 66.7683 4
252.019 614.269 221.369 71.5309 4
41.2766 -205.5 -253.79 74.2926 4
-5.48055 -121.775 133.698 77.1697 4
-86.5747 -337.766 459.291 52.7527 4
-92.6142 232.852 164.518 74.0237 4
413.963 89.2087 482.497 90.5332 4
-185.63 -219.777 197.736 54.3556 4
240.361 -664.769 -161.761 73.9628 4
292.355 -53.7159 -11.8939 46.9775 4
305.224 -128.983 407.698 38.8385 4
224.597 -430.641 -260.475 61.2949 4
-363.249 161.192 492.43 90.6644 4
139.637 -334.522 281.794 79.8704 4
-5.97273 -244.297 47.3916 75.6886 4
-106.456 90.0049 -188.616 80.8917 4
-70.7991 -422.752 -7.03073 49.0083 4
-29.494 -257.396 130.802 58.0348 4
167.981 12.6691 534.601 78.7696 4
-46.4992 -478.967 165.147 73.7563 1
286.54 -45.221 60.1876 49.1237 4
-41.276 215.032 104.335 73.4565 4
-343.164 -124.592 488.721 75.8936 4
-678.281 -368.858 -50.7491 53.9145 4
464.854 329.663 259.041 68.834 4
-152.554 98.8142 423.911 32.8358 4
7.83769 281.547 -70.2083 80.708 4
429.593 -173.002 266.322 73.3778 1
-356.103 280.716 97.9527 19.1699 4
-205.542 -94.6398 261.893 47.0379 4
-330.879 63.5793 58.091 79.3911 4
-167.036 -279.446 120.582 37.048 4
546.98 -174.576 -74.8746 73.0486 4
296.584 158.223 237.904 17.6886 4
57.744 -154.018 -241.263 53.1503 4
-68.0258 -286.953 -194.716 55.0774 4
-141.027 5.42388 -16.1443 44.0659 1
-188.887 138.337 33.4997 20.2785 4
-141.279 -108.824 -93.5691 63.9879 4
-684.979 138.014 -386.993 46.375 4
140.863 104.856 259.615 55.2219 4
55.3827 -166.769 -72.4498 60.7797 4
-303.84 144.896 80.8899 67.4186 4
111.635 -281.218 -29.5145 39.1034 4
-83.9662 140.249 568.214 62.3654 4
-19.9628 -241.283 72.2337 76.6102 4
64.8931 26.8771 191.801 57.5751 4
196.758 260.064 -424.357 68.8091 4
-316.972 110.53 338.919 63.8552 4
-12.6861 271.584 -60.2822 98.8492 4
287.67 -481.869 198.858 67.5738 4
-473.086 -130.823 79.3271 43.0328 4
35.0451 -624.76 -198.008 59.8474 4
68.1181 -59.3664 236.342 61.9599 1
574.844 356.42 132.435 64.7781 4
610.448 16.7921 -57.6786 29.4563 4
-764.226 629.466 -391.476 76.0501 4
212.579 81.5163 -57.5997 86.6981 4
-43.0655 -393.476 -57.7863 35.1946 4
318.618 -181.992 23.8559 40.9265 4
-57.2033 141.348 -374.473 38.7143 4
177.026 243.484 784.404 48.4304 4
-283.763 143.135 -256.56 47.3877 4
-167.677 514.816 -318.592 38.7403 4
-403.832 -232.528 -185.27 91.1865 4
-182.137 483.497 438.201 71.4856 4
-59.4895 161.469 -498.75 58.1828 4
190.225 -296.578 245.818 43.8644 4
363.576 -31.631 156.832 41.0203 4
-252.106 61.8384 -384.625 45.128 4
61.1682 -366.431 104.313 49.9174 4
188.271 -38.8738 -72.8078 61.2706 4
289.859 544.623 -465.164 70.185 4
112.857 -212.582 -198.759 77.5133 4
-216.482 320.667 64.6488 83.7765 4
54.5155 -58.2421 -0.749646 98.6031 4
52.4739 -439.275 204.847 74.0527 4
62.5904 33.481 797.444 78.0608 4
-145.066 257.221 17.6085 63.4448 4
-68.7709 -431.592 171.598 76.6186 4
-325.612 83.5177 -659.491 62.232 4
219.797 67.9461 -162.823 96.6772 1
437.517 -454.015 164.161 53.8654 4
169.437 132.469 314.084 84.147 4
-48.5028 -17.8665 -165.488 69.9692 4
-716.906 122.307 -106.417 86.428 4
774.766 -445.046 29.4197 78.8968 4
144.078 126.701 320.196 100.603 4
-331.787 -551.944 693.985 73.4735 4
32.3149 -407.527 132.264 78.0993 1
-312.689 -101.329 -639.526 65.2796 4
-218.993 -47.1347 58.6126 82.4537 4
-571.565 495.732 -88.4211 68.2944 4
-301.996 -46.0689 141.632 2.47366 4
-319.123 -165.342 197.893 61.4728 4
48.9508 -140.054 428.457 81.6354 1
219.274 -91.7757 -174.351 96.0308 4
345.576 671.021 39.3767 78.1773 4
191.891 3.18787 -76.1518 11.9439 4
-58.3871 99.2798 -75.2813 47.9934 4
-171.15 -160.192 -364.87 36.4993 1
-97.6104 -261.617 192.461 96.5859 4
208.421 -559.913 314.033 87.334 4
-160.661 175.353 -297.428 95.3518 4
-210.698 -65.1501 5.09226 51.1933 4
219.781 -428.282 -266.476 105.101 4
-360.47 389.617 79.749 54.7661 4
-23.8435 -430.994 -324.268 75.0368 4
-426.119 79.8222 -319.891 67.1572 4
111.433 -119.403 1.39967 49.9746 4
-264.944 -332.366 -555.111 42.4551 1
-506.527 346.926 -134.78 72.892 4
-125.757 -293.724 99.5827 23.5246 4
151.908 -540.822 -56.1436 30.5847 4
-303.623 -107.554 -111.612 19.5406 4
193.938 224.403 -398.448 25.8042 4
179.995 -86.1969 759.174 42.6016 4
68.6035 -15.6869 -32.4259 64.1314 4
144.049 436.801 312.697 52.7605 4
111.923 -18.0862 153.559 38.1995 4
9.31243 21.6416 92.7592 91.4153 1
229.208 -46.6581 171.924 85.7379 4
85.5275 -8.89077 -348.867 54.7922 4
-160.997 209.385 -411.232 53.2039 4
57.086 548.737 50.8928 78.3082 4
-654.532 -58.4677 151.913 47.1891 4
686.569 -92.8107 671.448 36.7313 4
97.2617 -464.959 323.772 65.9969 4
145.735 504.18 122.637 61.1173 4
61.3158 238.789 1.15307 25.6641 4
-268.975 70.8057 309.166 65.674 4
-220.013 86.953 -135.249 108.431 4
62.1169 -867.244 302.061 75.5698 4
-791.587 -72.758 22.8034 21.9297 4
-357.092 363.326 -30.2478 65.7467 1
-336.328 -151.928 146.529 96.6572 4
-34.9919 -275.663 -85.7554 53.8386 4
92.8331 156.552 -330.521 55.1991 4
-217.314 -199.097 -523.546 73.2964 4
-99.2743 -194.72 139.971 77.1369 4
-402.54 642.988 270.502 74.212 4
-376.726 381.481 -72.0072 49.221 4
-478.655 424.105 -327.968 41.6884 4
-314.966 127.514 -93.7592 28.6856 4
276.229 -319.285 -275.671 53.5577 4
201.081 253.263 -59.7914 72.0268 4
259.642 396.154 -522.506 67.6754 4
-396.912 -395.121 396.167 47.4332 4
270.359 88.0465 -71.0261 54.933 4
381.874 -144.628 -475.164 85.1516 4
650.869 -207.446 329.725 92.3691 4
-457.222 429.924 43.8764 56.142 4
-605.288 -100.909 299.574 55.2734 4
118.82 -681.417 135.23 66.0584 1
193.352 59.4703 -206.085 29.0133 4
-551.562 -41.6516 485.803 84.1971 1
-182.132 307.733 191.737 100.725 4
-18.8425 -487.64 -17.1678 40.1204 4
136.647 -611.802 -199.4 67.0656 4
52.9747 133.535 -259.173 76.6386 4
-577.613 168.22 -413.238 64.6205 4
-378.552 -63.6773 263.392 57.3924 4
205.489 680.326 481.81 67.1817 4
15.9213 -254.391 -392.511 80.9526 4
-149.466 50.8166 315.008 60.6856 1
109.739 548.451 -753.12 50.6204 4
7.92207 86.0341 597.078 82.9694 4
355.465 -548.03 -27.9909 82.8313 4
66.1881 -317.499 -203.165 73.667 4
-261.544 -117.786 461.904 63.6784 4
343.011 319.652 336.165 69.7151 4
-82.8488 499.855 390.161 71.1332 4
239.878 516.091 478.421 50.2497 4
-447.114 219.725 58.488 54.4243 4
180.008 -8.37602 -283.13 82.9034 4
191.923 182.76 -657.833 66.7837 4
273.718 26.631 -199.182 45.0881 4
126.91 -68.6097 -117.593 57.8952 4
-572.227 -367.604 -536.917 64.7288 4
80.3021 -441.57 600.523 25.2923 4
331.812 127.44 -114.238 11.0175 4
-185.815 189.222 -37.1819 80.2742 4
303.019 -22.1033 -102.947 46.8617 4
-265.218 -392.698 37.5182 75.6062 4
320.093 -161.748 -19.1126 29.7686 4
365.877 326.329 -300.536 87.7595 4
-179.081 -74.5386 705.589 37.8939 4
93.9129 -53.1602 -476.272 67.7897 4
68.8597 90.1083 114.193 81.6473 4
-166.729 60.9275 217.501 42.4346 4
-369.01 -287.714 -172.046 65.7514 4
-280.058 52.8596 93.4047 54.5348 4
381.368 311.717 -266.836 48.6878 1
-75.7442 -101.647 168.499 50.069 4
188.441 74.2024 -180.876 71.0231 4
-332.454 -6.72271 -127.413 59.5944 4
-606.282 5.04323 -111.323 63.0358 4
-24.7913 -265.048 -83.5359 25.6969 4
-575.468 465.653 -66.7196 33.0639 4
-225.515 342.974 461.797 46.6524 4
-721.716 615.864 137.282 71.9084 4
-9.18949 -350.51 -4.05953 64.7935 4
24.7697 -14.0172 725.057 31.991 4
-124.457 -414.548 -76.0851 52.5562 4
-232.896 -224.885 -461.606 58.257 4
7.21886 -211.981 16.4554 36.9348 4
275.936 340.997 -292.707 70.8051 4
-384.582 -471.657 -258.714 73.6121 4
-119.004 -561.109 -216.53 33.6169 4
-14.0601 -2.99976 340.502 49.0817 4
-217.857 810.021 587.481 61.1766 4
485.739 34.378 -388.46 68.0133 4
-130.421 561.387 460.751 62.4017 4
-273.491 -102.422 -23.654 53.1684 4
127.03 640.157 -252.695 55.755 4
-273.259 -347.31 -68.9154 42.9879 4
259.08 158.148 -117.21 74.2986 4
40.7503 -53.6635 359.593 48.5804 4
-291.126 -186.136 -223.215 49.7601 4
108.209 68.2116 415.813 96.8341 4
-29.9819 138.284 161.632 80.0644 4
267.304 317.075 113.638 30.5974 4
-282.249 -623.626 518.072 78.8649 4
580.756 -140.03 488.962 44.6524 4
-135.961 403.632 211.893 105.079 1
-21.0135 -87.3961 -242.753 32.4357 4
181.7 1.14978 -324.046 55.3269 4
119.538 237.431 18.7393 50.4758 4
-251.206 105.111 57.3494 63.0756 4
-53.3651 -334.968 104.601 67.0798 4
788.675 141.282 215.609 20.5709 4
-87.0104 -411.053 -321.466 100.713 4
-110.462 576.484 58.162 74.1354 4
-95.4809 -160.067 373.518 59.0828 4
-381.981 -758.962 266.887 47.4549 4
-569.582 -74.66 -102.53 37.3565 4
-527.133 1.61635 -171.396 45.8085 1
-199.553 245.154 -25.9659 53.6657 4
-54.4967 434.8 318.73 94.5408 4
183.744 -421.926 -46.8998 89.8299 4
338.241 213.753 665.904 76.7894 4
-195.796 -657.831 -516.119 71.5937 4
-331.162 -22.3624 115.121 44.4317 4
480.637 -387.531 -110.502 50.999 4
-32.6135 -280.778 -229.464 45.5122 4
185.495 -129.843 -528.619 89.4968 4
437.926 -76.085 -188.345 63.9041 4
-278.824 -309.538 69.1846 71.4866 4
-167.035 314.514 -61.8332 77.7815 4
65.4956 32.4181 -637.413 69.9437 4
-8.16918 93.9439 -273.038 73.2821 4
209.68 578.527 79.9516 63.0501 4
42.6481 89.9921 -374.5 48.6053 4
183.022 -293.726 -85.2615 58.4089 4
88.5672 -404.226 -106.525 43.2394 4
-444.579 20.2913 -309.648 72.1518 4
-56.4448 -69.3253 149.233 76.7709 4
-216.881 827.554 80.5484 106.961 4
165.547 -354.965 40.0037 52.5389 4
190.747 266.059 -319.617 22.6331 4
77.3679 632.89 369.106 56.7954 4
386.258 179.546 -308.263 57.9206 4
-124.932 -419.648 170.442 67.8426 4
115.737 35.2239 -55.3387 78.9882 4
448.574 212.196 -46.9421 41.9565 1
-437.997 -173.993 -8.48205 65.2201 4
780.98 -45.414 367.672 44.8534 4
-157.058 -9.51725 -148.815 65.9935 1
-202.993 260.174 -166.625 63.0599 4
-139.686 -474.903 -95.4555 73.137 4
33.9796 -127.973 -276.87 63.3271 4
-111.612 -75.1392 -103.14 85.1063 4
-354.11 101.654 392.641 63.3547 4
-557.699 -19.9579 -252.318 80.789 4
-407.772 -38.6286 -382.904 69.6163 4
51.5849 167.494 481.934 43.8229 4
253.443 97.5558 408.876 21.7058 4
-417.711 122.801 35.5553 19.0981 1
-78.9658 -3.03797 0.156875 88.263 4
485.753 -368.476 588.237 56.2641 1
160.568 -73.2034 -1.40091 42.7246 4
44.8709 571.061 -24.5428 23.8838 4
402.707 -649.257 29.2924 76.0353 4
575.389 165.026 -170.082 80.6421 1
-50.4636 -190.622 364.997 86.8857 4
-153.652 -574.777 -256.667 32.0492 4
-89.0532 392.335 7.73983 58.6678 4
243.479 356.232 -16.5041 66.2495 4
-118.858 -73.5949 -378.936 61.286 4
-53.4818 329.713 65.3968 49.0528 4
15.9005 -150.68 -671.551 67.1736 1
382.598 27.2619 206.506 73.156 4
339.578 288.521 -110.566 38.0065 4
167.852 26.4385 367.677 45.273 1
157.969 -202.546 289.941 51.67 4
-17.4383 200.371 349.13 29.4058 4
-148.801 494.745 78.5622 70.3585 1
-23.2869 -149.261 36.032 70.2323 4
-361.799 29.3015 -94.4921 67.0302 4
-409.544 -36.5172 -66.2121 86.0062 4
-256.27 -84.2346 867.027 74.4603 4
-533.163 -484.361 -430.926 72.6485 4
-146.02 -229.497 17.1759 18.9272 4
325.732 615.923 131.252 44.1701 4
-302.964 -19.3902 -214.126 91.5165 4
490.254 23.1874 -91.2201 33.164 4
-171.004 -314.321 207.537 54.0945 4
384.414 -101.551 -323.639 55.9461 4
94.3374 -127.527 466.771 54.5039 4
357.802 -439.713 -342.701 102.227 4
-126.974 841.35 -287.97 53.2235 4
284.848 -100.504 392.12 51.93 4
32.3191 -481.316 -62.8263 91.0069 4
59.9874 -131.311 -470.283 58.134 4
-228.516 82.1334 -195.591 94.1463 4
365.967 120.337 -19.1568 77.4776 4
625.77 191.741 181.832 74.1388 4
-860.888 -191.611 -717.931 64.2326 4
-283.68 334.279 -445.26 89.9907 4
-361.951 -780.189 -239.173 81.3706 1
282.644 -611.32 -359.586 69.9933 4
179.065 -355.433 35.9031 106.205 1
-286.812 -282.886 -105.705 61.8129 1
-12.3418 188.247 410.942 27.6608 4
385.925 -146.576 -93.7538 60.2213 1
-539.756 -222.847 -14.7015 76.8584 4
323.414 95.8611 -357.496 53.0624 4
330.79 179.826 20.0768 72.4311 4
38.5467 97.512 308.635 56.9862 4
291.43 222.634 -285.626 43.9324 4
8.19822 -195.262 240.383 102.8 4
253.837 -398.975 -4.40862 58.1469 4
38.5591 -174.755 -400.952 89.9664 4
-314.617 -370.591 -327.877 82.061 4
212.759 295.108 -23.0938 83.2673 4
173.942 -228.84 -342.011 23.3906 4
-257.477 -173.413 59.782 102.147 4
335.643 498.491 190.007 63.2126 4
258.643 -112.164 502.516 88.1374 4
467.394 19.2269 135.492 39.6272 4
-504.791 -78.7009 -31.4704 51.6868 4
-831.248 86.9918 -49.0784 87.5304 4
7.67832 662.689 177.431 71.2687 4
-389.41 329.359 403.419 60.8894 4
37.5113 161.628 322.441 64.3565 4
-131.94 -119.184 -32.587 36.5983 4
385.352 -282.884 -505.394 37.9866 4
43.1175 339.783 733.086 24.2045 1
157.714 113.736 47.1175 62.3379 4
435.168 54.5712 251.402 61.585 4
-117.319 129.425 94.4958 52.0763 4
-23.3096 53.8198 405.596 71.8467 4
-256.847 -173.268 104.771 42.8621 4
-405.092 -191.461 -50.9662 69.089 4
-77.8848 -538.507 327.344 64.2694 1
116.704 347.606 102.432 78.5429 4
-87.9898 61.9493 -79.7288 35.0498 4
143.127 -218.457 -459.81 22.288 4
778.855 -435.119 -139.152 107.663 4
2.97256 182.712 426.827 43.4826 4
294.66 -645.257 39.9852 91.1919 4
-394.962 -279.24 209.141 64.8751 4
3.85243 18.7538 -99.5332 57.4835 4
-446.209 -9.82399 35.954 73.188 4
529.588 -107.157 267.14 44.7983 4
-322.415 -64.1857 -384.507 60.7205 4
-24.5924 63.3461 142.271 61.8748 4
264.56 166.167 123.681 39.3331 4
-195.352 -243.619 -6.5255 52.7987 4
530.59 488.009 53.4698 60.4858 4
329.356 298.352 95.6002 52.7896 4
308.376 -92.0979 594.541 66.5647 4
-94.7274 314.714 -59.7339 34.4678 4
9.02953 32.159 64.6681 28.5699 4
-347.457 -490.538 406.267 61.8846 4
-257.219 71.1246 -627.353 51.3833 4
110.448 192.216 -611.395 68.7865 4
-12.6068 201.73 -169.228 56.4441 4
-70.2963 -239.658 -39.9263 76.401 4
493.643 -193.196 -201.444 67.8163 1
180.807 122.031 -271.935 37.9196 4
34.8665 267.851 519.413 55.1 4
-136.514 -134.204 -188.488 36.2979 4
246.128 -48.0251 385.673 65.9552 1
452.208 121.731 34.1792 56.9101 4
-76.3023 -70.3884 -210.557 23.9984 1
82.582 -333.012 106.196 90.4193 4
-223.236 428.012 141.127 62.3085 4
-27.9666 -383.01 -435.999 79.2544 4
14.7934 198.662 -383.594 71.6029 4
-123.231 222.364 343.372 76.8307 4
232.391 -25.2376 200.168 30.787 4
164.42 86.3896 -146.577 54.6319 4
-32.9885 -94.5919 158.484 59.0739 4
-340.294 124.116 -82.5366 53.9972 4
324.292 78.1878 96.969 78.8163 4
-468.495 234.384 -410.125 57.4116 4
-174.414 590.398 215.538 38.0991 4
-39.0077 71.415 137.409 53.3649 4
294.747 -42.9735 229.887 57.181 4
-407.551 -3.95127 225.09 53.5533 4
-158.556 519 244.612 43.224 4
-539.244 -118.155 -18.7294 60.0011 4
-343.308 -126.315 -369.112 77.3366 4
35.6587 146.925 -146.965 55.9609 4
305.527 165.274 413.601 38.0525 4
156.628 -447.061 49.6297 45.5392 4
-384.172 185.354 177.689 120.333 4
397.804 -166.816 105.005 77.6364 4
-115.491 86.7416 277.303 79.8186 4
-289.733 13.5179 41.5299 87.7437 4
417.196 156.421 -45.4385 47.2317 4
296.76 -4.12727 -409.25 32.6613 4
189.832 158.38 210.232 87.536 4
-137.272 -53.4732 -205.068 58.648 4
-621.773 285.211 -457.909 52.1325 1
182.36 -196.635 -189.425 47.8553 4
237.15 -244.071 -452.444 37.9866 4
-152.937 308.573 -144.061 48.9727 4
-335.637 -12.8824 790.464 47.9899 4
-71.7719 378.606 392.5 77.1856 4
208.995 -25.0056 47.6116 108.816 4
-211.81 -226.717 -169.27 48.5949 4
475.916 160.904 -583.315 59.3425 4
336.607 295.154 -321.711 71.0714 4
59.4539 -174.491 234.877 50.8219 4
-210.174 -350.597 -74.8209 40.0018 1
-47.28 -265.08 -120.108 25.0777 4
104.052 -45.7636 236.545 75.3629 4
209.518 120.334 -320.597 28.2852 4
192.03 347.926 169.916 46.5961 4
-159.576 102.389 495.098 41.0639 4
320.006 -312.811 -626.587 76.9346 4
-216.827 171.609 -142.951 29.0179 4
-284.698 -13.6656 19.2931 35.1615 4
129.741 -344.947 -158.795 86.7462 4
219.436 26.4994 487.779 46.3969 4
286.621 113.366 -335.465 34.5424 4
-122.148 -314.743 501.624 87.6639 4
-429.869 -329.669 -80.3754 30.0552 4
98.9495 -229.038 170.041 56.0178 4
216.935 -544.586 -191.882 57.6158 4
-149.021 356.028 -68.0937 68.9646 4
-36.9022 649.621 -23.8617 42.784 4
-12.4047 67.3971 201.524 48.4864 4
-185.98 -271.872 80.02 65.9441 4
-138.119 -8.32912 -17.3492 45.212 4
-308.155 -17.9297 245.677 44.6541 4
356.638 161.131 -632.13 71.9242 4
6.41592 -137.551 448.18 46.6193 4
270.432 683.496 196.159 73.1201 4
182.216 -5.68694 -426.303 82.7657 4
49.5968 337.817 11.9421 86.8455 4
-18.0461 -31.2075 -185.428 59.9021 4
167.537 427.158 -220.403 24.1078 4
470.678 200.008 448.897 86.5531 4
-485.581 -243.554 -88.1247 62.3588 4
130.722 -256.947 -357.496 28.4804 4
-387.416 -14.6078 -363.804 74.3049 4
333.431 121.648 -282.056 45.6408 4
-595.71 -53.4698 275.374 77.0732 4
153.138 -145.778 -139.574 86.7842 4
-69.0641 -227.493 -13.2978 34.6107 4
588.383 -376.95 299.373 54.6506 4
6.88379 -116.525 393.99 64.7922 4
231.148 347.157 42.1973 78.799 4
-6.98578 -410.874 -336.33 63.7346 4
72.3232 242.634 -17.2969 58.9636 4
-441.451 228.632 -321.267 39.9665 4
58.0754 -18.5582 571.237 78.2903 4
-690.909 -115.126 -150.342 61.6215 4
112.272 -107.692 343.89 63.9861 4
130.161 81.5876 -112.859 36.008 4
332.049 -231.398 -167.111 51.5566 4
548.122 371.677 308.805 57.5337 4
-42.8324 -515.684 181.331 68.0896 4
-39.5148 -512.086 -229.208 65.9809 4
268.757 -63.2434 333.535 40.6127 4
56.8724 -390.651 -41.0944 53.467 4
162.287 -148.385 391.088 85.7619 4
-23.237 -152.078 269.752 96.0401 4
419.476 32.769 711.43 37.5927 4
299.525 -82.9605 -377.476 69.6951 4
13.1859 504.798 -75.6548 38.8353 4
-89.3723 -726.401 -72.062 87.3987 4
-209.789 -103.706 -126.169 69.2551 4
378.352 519.066 -413.369 52.2436 4
-236.148 -1.18354 -218.656 59.9219 4
102.584 -96.8552 97.6715 26.9942 4
-168.616 -324.461 116.306 66.5996 4
-370.23 -154.828 483.561 23.0272 4
66.6525 -361.344 163.84 43.3964 4
105.312 -393.534 -54.0518 58.3925 4
-100.141 -188.319 -30.5372 84.5961 4
310.711 -275.548 406.644 73.0471 4
-304.383 -79.0496 -107.204 50.6892 4
221.338 -357.927 90.4787 49.808 4
-199.008 317.13 -606.324 50.4205 4
-396.066 -122.821 295.618 83.1945 4
360.955 68.7529 386.501 75.1845 1
-93.1023 -245.215 85.8447 46.2069 4
233.417 -31.6198 4.00347 73.2835 4
-71.3972 385.903 192.846 50.5382 4
-348.758 204.548 604.722 93.4968 4
242.365 -107.672 -452.328 85.3454 4
-461.55 -473.85 869.961 87.2803 4
632.258 -247.518 -633.291 48.4114 1
219.699 663.463 -154.593 62.0486 4
-337.249 108.837 349.612 113.906 4
97.6131 -60.6165 91.6729 22.5246 4
208.164 364.116 -207.373 50.5338 4
-239.762 -218.319 138.365 39.4992 4
-337.058 -326.556 -342.993 47.9069 4
135.531 -101.737 -219.045 49.9243 4
-369.765 163.041 -155.624 63.709 4
87.4763 55.939 -60.8061 70.1647 4
-899.943 -361.884 -460.96 77.3199 4
721.274 -387.769 393.671 71.0422 4
69.4104 460.579 -209.67 33.0264 4
254.592 242.722 -322.047 36.7069 4
-144.654 -218.124 685.754 82.7656 4
39.1352 -128.119 241.763 38.3581 4
-375.559 -282.28 76.855 63.0808 1
-115.39 -34.1502 -391.362 76.9327 4
368.987 462.492 152.47 78.0015 4
268.079 113.528 133.841 56.399 4
-369.388 -283.606 -595.523 34.2171 4
-721.648 218.95 541.243 58.7588 4
147.214 14.6704 415.184 51.9784 4
890.532 -92.5173 130.687 47.57 4
196.454 -112.604 -204.571 72.5201 1
-367.919 362.651 -656.762 82.9424 4
-294.471 337.163 -124.788 83.5308 4
-134.963 -342.026 -333.191 45.302 4
-105.374 178.73 400.676 31.4639 4
-191.224 -63.0846 -31.9677 111.59 4
68.3336 -268.587 -15.3291 97.4454 4
168.957 -10.4669 -173.382 51.5934 4
-277.214 -164.516 -153.462 74.3692 4
-701.888 -38.0154 -319.738 103.68 4
-81.4088 -42.7908 -264.604 57.4442 4
146.772 -374.911 -259.565 59.912 4
-152.123 359.593 407.995 49.2195 4
160.984 524.476 494.706 34.4194 4
-155.237 184.05 22.7016 24.8478 4
162.463 37.1072 246.539 38.9025 4
236.312 -143.94 60.6517 57.3025 4
92.738 -193.617 -313.519 94.3731 4
426.924 -138.908 466.392 50.9855 4
385.892 -204.625 76.2228 90.1788 4
236.789 128.75 133.794 72.4414 4
239.109 -236.288 -448.643 94.1792 4
-314.6 -306.043 -340.215 66.9848 4
-92.9332 -74.5226 7.5506 48.5829 4
581.437 -355.131 386.4 67.9594 4
76.3689 -17.1409 -16.8144 61.081 4
208.307 -72.523 -235.296 61.0405 4
-150.074 -13.6696 -295.43 43.7047 4
18.5291 112.69 103.196 79.6111 4
87.1016 854.01 243.264 60.0817 4
140.458 -222.82 -54.3626 46.5753 1
-225.287 425.522 116.209 79.5328 4
501.75 53.4508 -92.7345 84.2311 4
-216.459 135.766 -306.348 70.6918 4
-158.24 -294.814 140.011 41.9898 4
379.812 -307.112 213.422 80.6177 1
-0.197836 424.326 247.804 31.0829 4
-344.588 260.556 -448.263 63.8046 4
77.8562 -323.071 -21.8946 75.1108 4
168.512 -198.132 -10.0009 78.6954 4
-261.365 73.9753 309.467 56.5313 1
-160.536 87.2672 22.8981 71.1664 4
34.3296 555.747 701.488 52.1933 4
115.486 -135.858 11.4188 45.0923 1
49.0737 -90.6255 543.903 55.2664 4
78.0161 137.812 363.513 51.8121 4
450.642 153.119 -63.9182 102.273 4
144.247 -233.158 -301.727 31.9975 4
-489.554 -18.5299 158.037 87.2033 4
-249.781 102.043 309.47 51.2253 4
181.435 -349.228 -277.553 65.4459 4
-38.1016 312.992 170.572 62.8967 4
-168.286 34.2321 -186.405 75.2719 4
-149.167 -254.439 26.542 14.015 4
153.131 206.096 -141.981 60.3401 1
314.444 -210.792 492.81 88.5882 4
-92.9982 -195.96 197.94 59.741 1
155.514 -93.0393 -327.341 65.8962 4
256.785 -214 37.7498 67.4373 4
-173.086 -207.387 -110.489 82.0778 4
-815.479 -277.233 -339.338 50.8192 4
-55.8336 364.785 174.669 98.9722 4
44.6402 -170.912 -538.092 80.1551 1
-343.127 538.178 -30.0082 74.295 4
-71.5356 30.3478 -100.406 78.9753 4
268.811 -298.202 -45.4486 53.7132 4
86.967 -80.4392 -229.989 84.3961 4
238.199 -178.157 -454.451 63.809 4
187.716 -85.4681 38.2149 42.8272 4
239.558 47.371 -113.849 34.9611 4
-59.3157 -254.618 412.81 51.2169 4
302.361 322.673 -330.732 59.7691 4
807.612 -38.4851 253.344 66.7695 4
-158.693 -494.341 -289.404 24.7682 4
-44.1913 -691.967 -13.1751 88.2236 1
-416.101 31.2108 244.106 46.0956 4
31.1245 -16.541 -130.34 80.3474 4
39.055 385.716 -99.9673 42.892 4
260.629 13.5966 127.213 70.4764 4
221.816 -5.09111 254.665 47.3685 4
82.3788 8.37988 -286.635 59.8601 4
95.6829 -412.62 416.652 64.0268 4
-32.2674 -364.645 -290.404 67.8407 4
491.03 480.126 -162.535 48.2093 4
-173.522 114.109 436.698 74.2542 1
-8.94488 -60.7105 -44.7414 58.1621 4
-119.817 -367.764 -447.303 28.6174 4
112.813 -352.314 -135.162 26.8269 1
-134.608 146.926 154.512 28.7498 4
44.9858 -14.5935 -477.079 48.8058 4
246.721 -79.5598 -351.72 67.6372 4
539.584 462.788 304.554 42.4974 4
124.894 119.686 70.7703 53.6064 4
-552.94 -130.847 28.8647 112.147 4
-445.212 710.39 291.339 46.1025 1
-575.568 -425.42 -21.5032 76.3189 4
-329.777 322.908 -162.871 50.2197 4
-421.941 710.968 -426.712 45.8986 4
216.287 -881.058 243.534 54.699 1
74.8641 571.413 -518.598 24.5069 4
-174.003 417.472 16.1502 85.5042 4
91.1092 -361.267 286.738 64.1841 4
-55.8984 -305.037 46.5856 60.1974 4
-427.922 -220.202 329.219 77.1958 4
-368.545 -51.6185 -228.448 42.2288 4
36.9426 -310.432 233.66 58.1687 1
-358.248 975.235 -422.168 53.4753 4
-36.4958 -255.752 -174.415 27.1341 4
-348.354 42.0839 -199.134 38.7092 4
-69.5402 -226.284 -71.1627 49.1642 1
-99.42 -96.0807 -75.471 63.5534 4
-259.397 58.0624 -294.043 25.6623 4
487.481 -295.896 30.6758 52.6925 4
267.603 -216.009 -142.655 75.3004 4
-522.956 -321.355 12.3439 68.9411 4
509.717 -548.108 643.072 56.7057 4
-4.25468 -41.8511 161.612 85.3945 4
-200.707 251.133 298.181 79.03 4
174.15 -199.541 -31.4173 52.358 4
-98.5032 -79.3409 -450.597 39.4863 4
-140.191 -350.639 216.062 98.4796 4
-677.987 204.647 -312.84 55.7872 4
-135.605 -259.69 278.819 83.6269 4
591.63 267.834 -140.184 62.7143 4
296.778 -137.035 207.108 73.153 4
-313.547 40.9925 -180.43 40.2015 4
-292.513 117.239 110.141 52.2212 4
278.306 153.036 -261.934 88.0053 1
100.191 136.353 180.793 62.0465 4
97.4444 -101.412 -7.97455 63.7889 4
224.349 446.915 -261.558 101.225 4
-34.7128 264.48 35.5334 69.928 4
-335.964 256.217 93.433 88.6858 4
454.009 135.371 48.2105 88.8212 4
-19.1252 -353.436 362.502 52.898 4
-343.762 245.571 -127.617 43.4395 4
365.762 -172.245 479.611 74.7876 4
267.561 -227.691 338.811 65.2944 4
13.747 331.32 73.4118 70.0686 4
-337.675 511.292 -714.535 69.087 4
-257.827 8.27152 -79.4009 27.6245 4
-7.33749 630.227 -499.983 90.0959 4
-45.8492 367.5 -6.1056 69.923 4
235.418 -109.133 -448.957 46.6956 4
207.179 -575.297 22.3661 40.1007 4
-189.767 -475.561 671.233 49.394 4
159.794 15.4683 -281.412 47.2166 4
-551.831 358.476 -51.3223 42.5969 4
-244.753 -470.686 89.222 44.9461 4
65.09 56.5266 199.396 40.1628 4
-76.5756 -104.239 -311.797 68.405 4
-101.68 -2.33401 -480.857 17.4688 4
-167.767 -44.9804 237.756 82.0964 4
-620.683 -321.31 -87.2386 70.5519 4
-172.241 -260.168 304.928 73.7313 4
44.5132 306.7 -304.05 64.006 4
-60.2246 525.668 -19.6325 76.274 4
-518.939 531.12 150.602 48.4727 4
-1.23275 -367.823 -411.519 33.7424 4
-277.833 -317.175 229.331 42.66 4
-98.2494 -98.7965 282.99 69.3195 4
-563.495 145.85 440.908 73.1693 4
1.044 642.24 424.477 41.0866 4
-287.934 -330.959 298.834 62.1031 1
-42.9738 -241.323 183.317 38.0022 4
79.853 -79.0035 29.0259 79.5965 4
-645.364 -200.545 -72.1152 55.8683 4
231.54 -226.999 440.087 36.7625 4
279.697 340.179 -150.538 117.152 4
202.285 -403.892 243.984 61.9692 1
-177.683 147.088 -261.317 47.1674 4
-532.738 -279.134 -339.51 49.121 4
228.959 111.004 -26.8205 40.766 4
-89.7338 -49.5373 78.1664 81.0974 4
128.347 352.179 516.406 35.3919 4
16.9906 298.971 147.099 73.1991 4
50.9194 -285.78 394.174 33.4141 4
-289.922 242.775 -313.273 57.0702 4
-232.77 -287.191 331.322 62.9366 4
153.426 -921.762 -370.794 89.0738 4
-330.691 -83.5399 197.866 110.837 4
-278.207 -392.666 -192.292 61.4872 4
167.757 -361.007 -36.63 79.2583 4
-291.739 -635.967 -446.646 38.7185 4
-161.58 -208.629 327.31 46.7407 4
91.3999 548.832 622.77 76.0537 4
5.49229 -606.646 138.293 26.2233 4
-564.222 151.541 -9.87239 50.4294 4
-225.64 193.686 -744.644 62.1513 4
-251.495 -388.652 328.556 77.1323 4
374.856 345.879 22.6769 44.4625 4
-220.386 -182.051 64.1611 71.6945 4
-289.89 -122.231 209.011 64.9004 4
81.5813 76.1002 240.043 93.0036 4
166.403 163.909 260.793 84.6166 4
-330.692 -93.447 172.203 86.5792 4
-72.8731 249.387 -95.2723 42.3716 4
238.789 169.957 263.683 63.5314 4
307.124 119.148 -30.9515 58.1543 4
-133.457 -429.527 -180.885 36.2679 4
62.2409 -98.6618 -120.838 72.699 4
-169.865 -593.475 262.221 65.8178 4
-461.839 181.504 -52.7541 65.8979 4
-198.609 124.25 270.762 25.2262 4
61.459 -101.006 -168.422 84.2852 4
-470.55 -192.321 -161.06 60.2434 4
33.268 236.814 -55.4383 74.8367 4
-394.864 -111.2 292.372 65.8186 4
-124.687 307.062 789.237 33.9728 4
76.0232 420.327 -194.213 41.8654 4
-139.375 148.043 -383.717 59.798 4
-107.985 532.919 313.453 55.3876 4
-581.355 -182.289 205.797 83.138 4
-215.644 -28.1577 -37.0434 15.9682 4
-111.405 -37.1554 48.3893 69.7782 1
-120.859 -154.923 270.521 66.1868 4
-128.116 140.942 -261.78 70.0162 4
-531.39 -102.215 18.5198 72.8074 4
75.6702 246.249 -198.129 69.225 4
250.985 533.444 13.0757 30.5413 4
525.988 -380.234 -242.12 87.8798 1
-8.94097 -179.918 -498.872 75.3872 4
290.456 -9.87305 738.734 45.3509 4
86.4025 124.281 135.829 69.3903 4
-268.791 309.928 441.535 10.4181 4
-621.28 -164.417 223.013 91.6091 4
-32.693 -72.6899 342.709 62.8426 4
114.916 286.968 -191.184 39.9763 4
-3.66125 -60.416 544.64 63.3562 4
-123.471 160.289 -258.085 64.1326 1
-212.262 63.6017 98.0271 89.1937 4
210.452 259.253 -293.668 61.3677 1
-190.757 132.341 -38.7855 64.6197 4
-152.878 232.364 -227.969 44.0997 4
-158.026 -236.35 -38.2843 82.5714 4
-230.665 244.659 -31.0709 82.9182 4
220.049 -6.24571 -149.459 87.3247 1
-307.615 -61.8716 -171.453 76.6832 4
39.5928 17.8129 -679.488 55.4993 4
286.309 -705.47 41.7033 68.1329 4
-229.706 246.668 122.336 76.6044 1
-47.3003 -172.243 -253.117 60.8391 4
101.605 -231.489 294.853 54.3654 4
99.7083 -435.634 -296.546 84.4878 4
-602.976 -50.2392 -18.1575 78.3225 4
-164.722 -433.127 97.1434 75.2786 4
422.935 219.947 29.3439 43.4492 4
-221.527 -154.364 -158.828 47.7296 4
183.946 -81.8111 -130.653 61.1639 4
150.117 -26.0164 291.628 42.7869 4
-9.1693 -18.7869 129.692 28.2686 4
-109.411 161.014 346.208 74.6285 4
-205.397 -365.75 210.971 54.9015 4
-406.586 514.039 -495.614 32.7953 4
-399.549 -285.141 -256.851 52.1904 4
-84.2637 320.853 52.1677 78.0903 4
-93.2218 489.59 -166.419 42.3459 4
81.7991 -266.204 -234.636 97.6708 1
-223.789 -219.794 -231.41 78.2364 4
375.73 -197.043 45.0694 47.3606 4
-224.777 -191.553 325.538 80.3105 4
-208.284 72.2832 -149.888 33.6918 4
-357.868 87.9728 -4.27362 14.3522 4
545.805 -332.758 -501.77 75.7906 4
-420.931 -42.3875 -442.538 61.7842 4
-161.274 -157.678 -636.86 80.8054 4
-131.662 -68.8345 -98.1924 59.137 1
93.9342 161.805 -425.514 45.6262 4
-94.6823 -450.833 -397.612 69.1272 4
-145.884 -184.536 203.556 95.4746 4
-389.099 -307.834 -41.5525 47.7481 4
529.383 -341.586 -224.432 46.7622 4
167.504 -59.6429 -245.514 74.5077 4
75.7253 -158.934 -21.5718 65.455 4
-4.16738 535.273 150.884 73.8077 4
-103.237 88.5281 486.072 38.1798 4
-371.627 258.143 -311.448 74.3907 4
304.163 222.105 163.434 42.1943 4
4.86789 -117.188 122.987 46.5932 4
-492.122 -109.714 -288.308 61.808 4
368.911 183.286 230.62 86.9763 1
-618.726 456.665 295.779 90.0487 4
-69.4157 -10.2972 -291.601 39.5171 4
-386.879 -126.901 -105.633 67.4707 4
-439.297 400.329 -28.7858 60.2612 4
-69.8119 -443.987 97.6178 79.6066 4
-322.452 -35.1944 210.2 58.3729 4
434.295 -25.2134 -604.198 39.2039 4
-310.747 -3.86809 -257.963 89.4065 4
-197.947 -500.516 -0.539563 109.389 4
65.591 200.637 234.288 42.4208 4
482.754 -98.0227 -7.4786 58.6913 4
-29.8907 -363.333 265.175 81.6272 4
100.225 -17.1811 658.209 58.2844 1
296.955 -241.956 5.58523 75.2658 4
-431.127 -252.772 -428.142 73.2133 4
171.448 334.808 159.315 54.9124 1
123.079 -145.613 72.0158 53.7275 4
-153.321 17.2813 139.096 65.2892 4
184.981 185.011 388.417 40.8111 4
-173.804 361.138 75.9311 36.3407 4
-124.715 -184.99 189.774 51.2109 4
